160218,2015-12-23,0,0.0
160218,2015-12-24,0,0.0
160218,2015-12-25,0,0.0
160218,2015-12-26,0,0
160218,2015-12-27,0,0
160218,2015-12-28,0,0.0
160218,2015-12-29,0,0.0
160218,2015-12-30,0,0.0
160218,2015-12-31,0,0.0
160218,2016-01-01,0,0
160218,2016-01-02,0,0
160218,2016-01-03,0,0
160218,2016-01-04,0,0.0
160218,2016-01-05,0,0.0
160218,2016-01-06,0,0.0
160218,2016-01-07,0,0.0
160218,2016-01-08,0,0.0
160218,2016-01-09,0,0
160218,2016-01-10,0,0
160218,2016-01-11,0,0.0
160218,2016-01-12,0,0.0
160218,2016-01-13,0,0.0
160218,2016-01-14,0,0.0
160218,2016-01-15,0,0.0
160218,2016-01-16,0,0
160218,2016-01-17,0,0
160218,2016-01-18,0,0.0
160218,2016-01-19,0,0.0
160218,2016-01-20,0,0.0
160218,2016-01-21,0,0.0
160218,2016-01-22,0,0.0
160218,2016-01-23,0,0
160218,2016-01-24,0,0
160218,2016-01-25,0,0.0
160218,2016-01-26,0,0.0
160218,2016-01-27,0,0.0
160218,2016-01-28,0,0.0
160218,2016-01-29,0,0.0
160218,2016-01-30,0,0
160218,2016-01-31,0,0
160218,2016-02-01,0,0.0
160218,2016-02-02,0,0.0
160218,2016-02-03,0,0.0
160218,2016-02-04,0,0.0
160218,2016-02-05,0,0.0
160218,2016-02-06,0,0
160218,2016-02-07,0,0
160218,2016-02-08,0,0
160218,2016-02-09,0,0
160218,2016-02-10,0,0
160218,2016-02-11,0,0
160218,2016-02-12,0,0
160218,2016-02-13,0,0
160218,2016-02-14,0,0
160218,2016-02-15,0,0.0
160218,2016-02-16,0,0.0
160218,2016-02-17,0,0.0
160218,2016-02-18,0,0.0
160218,2016-02-19,0,0.0
160218,2016-02-20,0,0
160218,2016-02-21,0,0
160218,2016-02-22,0,0.0
160218,2016-02-23,0,0.0
160218,2016-02-24,0,0.0
160218,2016-02-25,0,0.0
160218,2016-02-26,0,0.0
160218,2016-02-27,0,0
160218,2016-02-28,0,0
160218,2016-02-29,0,0.0
160218,2016-03-01,0,0.0
160218,2016-03-02,0,0.0
160218,2016-03-03,0,0.0
160218,2016-03-04,0,0.0
160218,2016-03-05,0,0
160218,2016-03-06,0,0
160218,2016-03-07,0,0.0
160218,2016-03-08,0,0.0
160218,2016-03-09,0,0.0
160218,2016-03-10,0,0.0
160218,2016-03-11,0,0.0
160218,2016-03-12,0,0
160218,2016-03-13,0,0
160218,2016-03-14,0,0.0
160218,2016-03-15,0,0.0
160218,2016-03-16,0,0.0
160218,2016-03-17,0,0.0
160218,2016-03-18,0,0.0
160218,2016-03-19,0,0
160218,2016-03-20,0,0
160218,2016-03-21,0,0.0
160218,2016-03-22,0,0.0
160218,2016-03-23,0,0.0
160218,2016-03-24,0,0.0
160218,2016-03-25,0,0.0
160218,2016-03-26,0,0
160218,2016-03-27,0,0
160218,2016-03-28,0,0.0
160218,2016-03-29,0,0.0
160218,2016-03-30,0,0.0
160218,2016-03-31,0,0.0
160218,2016-04-01,0,0.0
160218,2016-04-02,0,0
160218,2016-04-03,0,0
160218,2016-04-04,0,0
160218,2016-04-05,0,0.0
160218,2016-04-06,0,0.0
160218,2016-04-07,0,0.0
160218,2016-04-08,0,0.0
160218,2016-04-09,0,0
160218,2016-04-10,0,0
160218,2016-04-11,0,0.0
160218,2016-04-12,0,0.0
160218,2016-04-13,0,0.0
160218,2016-04-14,0,0.0
160218,2016-04-15,0,0.0
160218,2016-04-16,0,0
160218,2016-04-17,0,0
160218,2016-04-18,0,0.0
160218,2016-04-19,0,0.0
160218,2016-04-20,0,0.0
160218,2016-04-21,0,0.0
160218,2016-04-22,0,0.0
160218,2016-04-23,0,0
160218,2016-04-24,0,0
160218,2016-04-25,0,0.0
160218,2016-04-26,0,0.0
160218,2016-04-27,0,0.0
160218,2016-04-28,0,0.0
160218,2016-04-29,0,0.0
160218,2016-04-30,0,0
160218,2016-05-01,0,0
160218,2016-05-02,0,0
160218,2016-05-03,0,0.0
160218,2016-05-04,0,0.0
160218,2016-05-05,0,0.0
160218,2016-05-06,0,0.0
160218,2016-05-07,0,0
160218,2016-05-08,0,0
160218,2016-05-09,0,0.0
160218,2016-05-10,0,0.0
160218,2016-05-11,0,0.0
160218,2016-05-12,0,0.0
160218,2016-05-13,0,0.0
160218,2016-05-14,0,0
160218,2016-05-15,0,0
160218,2016-05-16,0,0.0
160218,2016-05-17,0,0.0
160218,2016-05-18,0,0.0
160218,2016-05-19,0,0.0
160218,2016-05-20,0,0.0
160218,2016-05-21,0,0
160218,2016-05-22,0,0
160218,2016-05-23,0,0.0
160218,2016-05-24,0,0.0
160218,2016-05-25,0,0.0
160218,2016-05-26,0,0.0
160218,2016-05-27,0,0.0
160218,2016-05-28,0,0
160218,2016-05-29,0,0
160218,2016-05-30,0,0.0
160218,2016-05-31,0,0.0
160218,2016-06-01,0,0.0
160218,2016-06-02,0,0.0
160218,2016-06-03,0,0.0
160218,2016-06-04,0,0
160218,2016-06-05,0,0
160218,2016-06-06,0,0.0
160218,2016-06-07,0,0.0
160218,2016-06-08,0,0.0
160218,2016-06-09,0,0
160218,2016-06-10,0,0
160218,2016-06-11,0,0
160218,2016-06-12,0,0
160218,2016-06-13,0,0.0
160218,2016-06-14,0,0.0
160218,2016-06-15,0,0.0
160218,2016-06-16,0,0.0
160218,2016-06-17,0,0.0
160218,2016-06-18,0,0
160218,2016-06-19,0,0
160218,2016-06-20,0,0.0
160218,2016-06-21,0,0.0
160218,2016-06-22,0,0.0
160218,2016-06-23,0,0.0
160218,2016-06-24,0,0.0
160218,2016-06-25,0,0
160218,2016-06-26,0,0
160218,2016-06-27,0,0.0
160218,2016-06-28,0,0.0
160218,2016-06-29,0,0.0
160218,2016-06-30,0,0.0
160218,2016-07-01,0,0.0
160218,2016-07-02,0,0
160218,2016-07-03,0,0
160218,2016-07-04,0,0.0
160218,2016-07-05,0,0.0
160218,2016-07-06,0,0.0
160218,2016-07-07,0,0.0
160218,2016-07-08,0,0.0
160218,2016-07-09,0,0
160218,2016-07-10,0,0
160218,2016-07-11,0,0.0
160218,2016-07-12,0,0.0
160218,2016-07-13,0,0.0
160218,2016-07-14,0,0.0
160218,2016-07-15,0,0.0
160218,2016-07-16,0,0
160218,2016-07-17,0,0
160218,2016-07-18,0,0.0
160218,2016-07-19,0,0.0
160218,2016-07-20,0,0.0
160218,2016-07-21,0,0.0
160218,2016-07-22,0,0.0
160218,2016-07-23,0,0
160218,2016-07-24,0,0
160218,2016-07-25,0,0.0
160218,2016-07-26,0,0.0
160218,2016-07-27,0,0.0
160218,2016-07-28,0,0.0
160218,2016-07-29,0,0.0
160218,2016-07-30,0,0
160218,2016-07-31,0,0
160218,2016-08-01,0,0.0
160218,2016-08-02,0,0.0
160218,2016-08-03,0,0.0
160218,2016-08-04,0,0.0
160218,2016-08-05,0,0.0
160218,2016-08-06,0,0
160218,2016-08-07,0,0
160218,2016-08-08,0,0.0
160218,2016-08-09,0,0.0
160218,2016-08-10,0,0.0
160218,2016-08-11,0,0.0
160218,2016-08-12,0,0.0
160218,2016-08-13,0,0
160218,2016-08-14,0,0
160218,2016-08-15,0,0.0
160218,2016-08-16,0,0.0
160218,2016-08-17,0,0.0
160218,2016-08-18,0,0.0
160218,2016-08-19,0,0.0
160218,2016-08-20,0,0
160218,2016-08-21,0,0
160218,2016-08-22,0,0.0
160218,2016-08-23,0,0.0
160218,2016-08-24,0,0.0
160218,2016-08-25,0,0.0
160218,2016-08-26,0,0.0
160218,2016-08-27,0,0
160218,2016-08-28,0,0
160218,2016-08-29,0,0.0
160218,2016-08-30,0,0.0
160218,2016-08-31,0,0.0
160218,2016-09-01,0,0.0
160218,2016-09-02,0,0.0
160218,2016-09-03,0,0
160218,2016-09-04,0,0
160218,2016-09-05,0,0.0
160218,2016-09-06,0,0.0
160218,2016-09-07,0,0.0
160218,2016-09-08,0,0.0
160218,2016-09-09,0,0.0
160218,2016-09-10,0,0
160218,2016-09-11,0,0
160218,2016-09-12,0,0.0
160218,2016-09-13,0,0.0
160218,2016-09-14,0,0.0
160218,2016-09-15,0,0
160218,2016-09-16,0,0
160218,2016-09-17,0,0
160218,2016-09-18,0,0
160218,2016-09-19,0,0.0
160218,2016-09-20,0,0.0
160218,2016-09-21,0,0.0
160218,2016-09-22,0,0.0
160218,2016-09-23,0,0.0
160218,2016-09-24,0,0
160218,2016-09-25,0,0
160218,2016-09-26,0,0.0
160218,2016-09-27,0,0.0
160218,2016-09-28,0,0.0
160218,2016-09-29,0,0.0
160218,2016-09-30,0,0.0
160218,2016-10-01,0,0
160218,2016-10-02,0,0
160218,2016-10-03,0,0
160218,2016-10-04,0,0
160218,2016-10-05,0,0
160218,2016-10-06,0,0
160218,2016-10-07,0,0
160218,2016-10-08,0,0
160218,2016-10-09,0,0
160218,2016-10-10,0,0.0
160218,2016-10-11,0,0.0
160218,2016-10-12,0,0.0
160218,2016-10-13,0,0.0
160218,2016-10-14,0,0.0
160218,2016-10-15,0,0
160218,2016-10-16,0,0
160218,2016-10-17,0,0.0
160218,2016-10-18,0,0.0
160218,2016-10-19,0,0.0
160218,2016-10-20,0,0.0
160218,2016-10-21,0,0.0
160218,2016-10-22,0,0
160218,2016-10-23,0,0
160218,2016-10-24,0,0.0
160218,2016-10-25,0,0.0
160218,2016-10-26,0,0.0
160218,2016-10-27,0,0.0
160218,2016-10-28,0,0.0
160218,2016-10-29,0,0
160218,2016-10-30,0,0
160218,2016-10-31,0,0.0
160218,2016-11-01,0,0.0
160218,2016-11-02,0,0.0
160218,2016-11-03,0,0.0
160218,2016-11-04,0,0.0
160218,2016-11-05,0,0
160218,2016-11-06,0,0
160218,2016-11-07,0,0.0
160218,2016-11-08,0,0.0
160218,2016-11-09,0,0.0
160218,2016-11-10,0,0.0
160218,2016-11-11,0,0.0
160218,2016-11-12,0,0
160218,2016-11-13,0,0
160218,2016-11-14,0,0.0
160218,2016-11-15,0,0.0
160218,2016-11-16,0,0.0
160218,2016-11-17,0,0.0
160218,2016-11-18,0,0.0
160218,2016-11-19,0,0
160218,2016-11-20,0,0
160218,2016-11-21,0,0.0
160218,2016-11-22,0,0.0
160218,2016-11-23,0,0.0
160218,2016-11-24,0,0.0
160218,2016-11-25,0,0.0
160218,2016-11-26,0,0
160218,2016-11-27,0,0
160218,2016-11-28,0,0.0
160218,2016-11-29,0,0.0
160218,2016-11-30,0,0.0
160218,2016-12-01,0,0.0
160218,2016-12-02,0,0.0
160218,2016-12-03,0,0
160218,2016-12-04,0,0
160218,2016-12-05,0,0.0
160218,2016-12-06,0,0.0
160218,2016-12-07,0,0.0
160218,2016-12-08,0,0.0
160218,2016-12-09,0,0.0
160218,2016-12-10,0,0
160218,2016-12-11,0,0
160218,2016-12-12,0,0.0
160218,2016-12-13,0,0.0
160218,2016-12-14,0,0.0
160218,2016-12-15,0,0.0
160218,2016-12-16,0,0.0
160218,2016-12-17,0,0
160218,2016-12-18,0,0
160218,2016-12-19,0,0.0
160218,2016-12-20,0,0.0
160218,2016-12-21,0,0.0
160218,2016-12-22,0,0.0
160218,2016-12-23,0,0.0
160218,2016-12-24,0,0
160218,2016-12-25,0,0
160218,2016-12-26,0,0.0
160218,2016-12-27,0,0.0
160218,2016-12-28,0,0.0
160218,2016-12-29,0,0.0
160218,2016-12-30,0,0.0
160218,2016-12-31,0,0.0
160218,2017-01-01,0,0
160218,2017-01-02,0,0
160218,2017-01-03,0,0.0
160218,2017-01-04,0,0.0
160218,2017-01-05,0,0.0
160218,2017-01-06,0,0.0
160218,2017-01-07,0,0
160218,2017-01-08,0,0
160218,2017-01-09,0,0.0
160218,2017-01-10,0,0.0
160218,2017-01-11,0,0.0
160218,2017-01-12,0,0.0
160218,2017-01-13,0,0.0
160218,2017-01-14,0,0
160218,2017-01-15,0,0
160218,2017-01-16,0,0.0
160218,2017-01-17,0,0.0
160218,2017-01-18,0,0.0
160218,2017-01-19,0,0.0
160218,2017-01-20,0,0.0
160218,2017-01-21,0,0
160218,2017-01-22,0,0
160218,2017-01-23,0,0.0
160218,2017-01-24,0,0.0
160218,2017-01-25,0,0.0
160218,2017-01-26,0,0.0
160218,2017-01-27,0,0
160218,2017-01-28,0,0
160218,2017-01-29,0,0
160218,2017-01-30,0,0
160218,2017-01-31,0,0
160218,2017-02-01,0,0
160218,2017-02-02,0,0
160218,2017-02-03,0,0.0
160218,2017-02-04,0,0
160218,2017-02-05,0,0
160218,2017-02-06,0,0.0
160218,2017-02-07,0,0.0
160218,2017-02-08,0,0.0
160218,2017-02-09,0,0.0
160218,2017-02-10,0,0.0
160218,2017-02-11,0,0
160218,2017-02-12,0,0
160218,2017-02-13,0,0.0
160218,2017-02-14,0,0.0
160218,2017-02-15,0,0.0
160218,2017-02-16,0,0.0
160218,2017-02-17,0,0.0
160218,2017-02-18,0,0
160218,2017-02-19,0,0
160218,2017-02-20,0,0.0
160218,2017-02-21,0,0.0
160218,2017-02-22,0,0.0
160218,2017-02-23,0,0.0
160218,2017-02-24,0,0.0
160218,2017-02-25,0,0
160218,2017-02-26,0,0
160218,2017-02-27,0,0.0
160218,2017-02-28,0,0.0
160218,2017-03-01,0,0.0
160218,2017-03-02,0,0.0
160218,2017-03-03,0,0.0
160218,2017-03-04,0,0
160218,2017-03-05,0,0
160218,2017-03-06,0,0.0
160218,2017-03-07,0,0.0
160218,2017-03-08,0,0.0
160218,2017-03-09,0,0.0
160218,2017-03-10,0,0.0
160218,2017-03-11,0,0
160218,2017-03-12,0,0
160218,2017-03-13,0,0.0
160218,2017-03-14,0,0.0
160218,2017-03-15,0,0.0
160218,2017-03-16,0,0.0
160218,2017-03-17,0,0.0
160218,2017-03-18,0,0
160218,2017-03-19,0,0
160218,2017-03-20,0,0.0
160218,2017-03-21,0,0.0
160218,2017-03-22,0,0.0
160218,2017-03-23,0,0.0
160218,2017-03-24,0,0.0
160218,2017-03-25,0,0
160218,2017-03-26,0,0
160218,2017-03-27,0,0.0
160218,2017-03-28,0,0.0
160218,2017-03-29,0,0.0
160218,2017-03-30,0,0.0
160218,2017-03-31,0,0.0
160218,2017-04-01,0,0
160218,2017-04-02,0,0
160218,2017-04-03,0,0
160218,2017-04-04,0,0
160218,2017-04-05,0,0.0
160218,2017-04-06,0,0.0
160218,2017-04-07,0,0.0
160218,2017-04-08,0,0
160218,2017-04-09,0,0
160218,2017-04-10,0,0.0
160218,2017-04-11,0,0.0
160218,2017-04-12,0,0.0
160218,2017-04-13,0,0.0
160218,2017-04-14,0,0.0
160218,2017-04-15,0,0
160218,2017-04-16,0,0
160218,2017-04-17,0,0.0
160218,2017-04-18,0,0.0
160218,2017-04-19,0,0.0
160218,2017-04-20,0,0.0
160218,2017-04-21,0,0.0
160218,2017-04-22,0,0
160218,2017-04-23,0,0
160218,2017-04-24,0,0.0
160218,2017-04-25,0,0.0
160218,2017-04-26,0,0.0
160218,2017-04-27,0,0.0
160218,2017-04-28,0,0.0
160218,2017-04-29,0,0
160218,2017-04-30,0,0
160218,2017-05-01,0,0
160218,2017-05-02,0,0.0
160218,2017-05-03,0,0.0
160218,2017-05-04,0,0.0
160218,2017-05-05,0,0.0
160218,2017-05-06,0,0
160218,2017-05-07,0,0
160218,2017-05-08,0,0.0
160218,2017-05-09,0,0.0
160218,2017-05-10,0,0.0
160218,2017-05-11,0,0.0
160218,2017-05-12,0,0.0
160218,2017-05-13,0,0
160218,2017-05-14,0,0
160218,2017-05-15,0,0.0
160218,2017-05-16,0,0.0
160218,2017-05-17,0,0.0
160218,2017-05-18,0,0.0
160218,2017-05-19,0,0.0
160218,2017-05-20,0,0
160218,2017-05-21,0,0
160218,2017-05-22,0,0.0
160218,2017-05-23,0,0.0
160218,2017-05-24,0,0.0
160218,2017-05-25,0,0.0
160218,2017-05-26,0,0.0
160218,2017-05-27,0,0
160218,2017-05-28,0,0
160218,2017-05-29,0,0
160218,2017-05-30,0,0
160218,2017-05-31,0,0.0
160218,2017-06-01,0,0.0
160218,2017-06-02,0,0.0
160218,2017-06-03,0,0
160218,2017-06-04,0,0
160218,2017-06-05,0,0.0
160218,2017-06-06,0,0.0
160218,2017-06-07,0,0.0
160218,2017-06-08,0,0.0
160218,2017-06-09,0,0.0
160218,2017-06-10,0,0
160218,2017-06-11,0,0
160218,2017-06-12,0,0.0
160218,2017-06-13,0,0.0
160218,2017-06-14,0,0.0
160218,2017-06-15,0,0.0
160218,2017-06-16,0,0.0
160218,2017-06-17,0,0
160218,2017-06-18,0,0
160218,2017-06-19,0,0.0
160218,2017-06-20,0,0.0
160218,2017-06-21,0,0.0
160218,2017-06-22,0,0.0
160218,2017-06-23,0,0.0
160218,2017-06-24,0,0
160218,2017-06-25,0,0
160218,2017-06-26,0,0.0
160218,2017-06-27,0,0.0
160218,2017-06-28,0,0.0
160218,2017-06-29,0,0.0
160218,2017-06-30,0,0.0
160218,2017-07-01,0,0
160218,2017-07-02,0,0
160218,2017-07-03,0,0.0
160218,2017-07-04,0,0.0
160218,2017-07-05,0,0.0
160218,2017-07-06,0,0.0
160218,2017-07-07,0,0.0
160218,2017-07-08,0,0
160218,2017-07-09,0,0
160218,2017-07-10,0,0.0
160218,2017-07-11,0,0.0
160218,2017-07-12,0,0.0
160218,2017-07-13,0,0.0
160218,2017-07-14,0,0.0
160218,2017-07-15,0,0
160218,2017-07-16,0,0
160218,2017-07-17,0,0.0
160218,2017-07-18,0,0.0
160218,2017-07-19,0,0.0
160218,2017-07-20,0,0.0
160218,2017-07-21,0,0.0
160218,2017-07-22,0,0
160218,2017-07-23,0,0
160218,2017-07-24,0,0.0
160218,2017-07-25,0,0.0
160218,2017-07-26,0,0.0
160218,2017-07-27,0,0.0
160218,2017-07-28,0,0.0
160218,2017-07-29,0,0
160218,2017-07-30,0,0
160218,2017-07-31,0,0.0
160218,2017-08-01,0,0.0
160218,2017-08-02,0,0.0
160218,2017-08-03,0,0.0
160218,2017-08-04,0,0.0
160218,2017-08-05,0,0
160218,2017-08-06,0,0
160218,2017-08-07,0,0.0
160218,2017-08-08,0,0.0
160218,2017-08-09,0,0.0
160218,2017-08-10,0,0.0
160218,2017-08-11,0,0.0
160218,2017-08-12,0,0
160218,2017-08-13,0,0
160218,2017-08-14,0,0.0
160218,2017-08-15,0,0.0
160218,2017-08-16,0,0.0
160218,2017-08-17,0,0.0
160218,2017-08-18,0,0.0
160218,2017-08-19,0,0
160218,2017-08-20,0,0
160218,2017-08-21,0,0.0
160218,2017-08-22,0,0.0
160218,2017-08-23,0,0.0
160218,2017-08-24,0,0.0
160218,2017-08-25,0,0.0
160218,2017-08-26,0,0
160218,2017-08-27,0,0
160218,2017-08-28,0,0.0
160218,2017-08-29,0,0.0
160218,2017-08-30,0,0.0
160218,2017-08-31,0,0.0
160218,2017-09-01,0,0.0
160218,2017-09-02,0,0
160218,2017-09-03,0,0
160218,2017-09-04,0,0.0
160218,2017-09-05,0,0.0
160218,2017-09-06,0,0.0
160218,2017-09-07,0,0.0
160218,2017-09-08,0,0.0
160218,2017-09-09,0,0
160218,2017-09-10,0,0
160218,2017-09-11,0,0.0
160218,2017-09-12,0,0.0
160218,2017-09-13,0,0.0
160218,2017-09-14,0,0.0
160218,2017-09-15,0,0.0
160218,2017-09-16,0,0
160218,2017-09-17,0,0
160218,2017-09-18,0,0.0
160218,2017-09-19,0,0.0
160218,2017-09-20,0,0.0
160218,2017-09-21,0,0.0
160218,2017-09-22,0,0.0
160218,2017-09-23,0,0
160218,2017-09-24,0,0
160218,2017-09-25,0,0.0
160218,2017-09-26,0,0.0
160218,2017-09-27,0,0.0
160218,2017-09-28,0,0.0
160218,2017-09-29,0,0.0
160218,2017-09-30,0,0
160218,2017-10-01,0,0
160218,2017-10-02,0,0
160218,2017-10-03,0,0
160218,2017-10-04,0,0
160218,2017-10-05,0,0
160218,2017-10-06,0,0
160218,2017-10-07,0,0
160218,2017-10-08,0,0
160218,2017-10-09,0,0.0
160218,2017-10-10,0,0.0
160218,2017-10-11,0,0.0
160218,2017-10-12,0,0.0
160218,2017-10-13,0,0.0
160218,2017-10-14,0,0
160218,2017-10-15,0,0
160218,2017-10-16,0,0.0
160218,2017-10-17,0,0.0
160218,2017-10-18,0,0.0
160218,2017-10-19,0,0.0
160218,2017-10-20,0,0.0
160218,2017-10-21,0,0
160218,2017-10-22,0,0
160218,2017-10-23,0,0.0
160218,2017-10-24,0,0.0
160218,2017-10-25,0,0.0
160218,2017-10-26,0,0.0
160218,2017-10-27,0,0.0
160218,2017-10-28,0,0
160218,2017-10-29,0,0
160218,2017-10-30,0,0.0
160218,2017-10-31,0,0.0
160218,2017-11-01,0,0.0
160218,2017-11-02,0,0.0
160218,2017-11-03,0,0.0
160218,2017-11-04,0,0
160218,2017-11-05,0,0
160218,2017-11-06,0,0.0
160218,2017-11-07,0,0.0
160218,2017-11-08,0,0.0
160218,2017-11-09,0,0.0
160218,2017-11-10,0,0.0
160218,2017-11-11,0,0
160218,2017-11-12,0,0
160218,2017-11-13,0,0.0
160218,2017-11-14,0,0.0
160218,2017-11-15,0,0.0
160218,2017-11-16,0,0.0
160218,2017-11-17,0,0.0
160218,2017-11-18,0,0
160218,2017-11-19,0,0
160218,2017-11-20,0,0.0
160218,2017-11-21,0,0.0
160218,2017-11-22,0,0.0
160218,2017-11-23,0,0.0
160218,2017-11-24,0,0.0
160218,2017-11-25,0,0
160218,2017-11-26,0,0
160218,2017-11-27,0,0.0
160218,2017-11-28,0,0.0
160218,2017-11-29,0,0.0
160218,2017-11-30,0,0.0
160218,2017-12-01,0,0.0
160218,2017-12-02,0,0
160218,2017-12-03,0,0
160218,2017-12-04,0,0.0
160218,2017-12-05,0,0.0
160218,2017-12-06,0,0.0
160218,2017-12-07,0,0.0
160218,2017-12-08,0,0.0
160218,2017-12-09,0,0
160218,2017-12-10,0,0
160218,2017-12-11,0,0.0
160218,2017-12-12,0,0.0
160218,2017-12-13,0,0.0
160218,2017-12-14,0,0.0
160218,2017-12-15,0,0.0
160218,2017-12-16,0,0
160218,2017-12-17,0,0
160218,2017-12-18,0,0.0
160218,2017-12-19,0,0.0
160218,2017-12-20,0,0.0
160218,2017-12-21,0,0.0
160218,2017-12-22,0,0.0
160218,2017-12-23,0,0
160218,2017-12-24,0,0
160218,2017-12-25,0,0.0
160218,2017-12-26,0,0.0
160218,2017-12-27,0,0.0
160218,2017-12-28,0,0.0
160218,2017-12-29,0,0.0
160218,2017-12-30,0,0
160218,2017-12-31,0,0.0
160218,2018-01-01,0,0
160218,2018-01-02,0,0.0
160218,2018-01-03,0,0.0
160218,2018-01-04,0,0.0
160218,2018-01-05,0,0.0
160218,2018-01-06,0,0
160218,2018-01-07,0,0
160218,2018-01-08,0,0.0
160218,2018-01-09,0,0.0
160218,2018-01-10,0,0.0
160218,2018-01-11,0,0.0
160218,2018-01-12,0,0.0
160218,2018-01-13,0,0
160218,2018-01-14,0,0
160218,2018-01-15,0,0.0
160218,2018-01-16,0,0.0
160218,2018-01-17,0,0.0
160218,2018-01-18,0,0.0
160218,2018-01-19,0,0.0
160218,2018-01-20,0,0
160218,2018-01-21,0,0
160218,2018-01-22,0,0.0
160218,2018-01-23,0,0.0
160218,2018-01-24,0,0.0
160218,2018-01-25,0,0.0
160218,2018-01-26,0,0.0
160218,2018-01-27,0,0
160218,2018-01-28,0,0
160218,2018-01-29,0,0.0
160218,2018-01-30,0,0.0
160218,2018-01-31,0,0.0
160218,2018-02-01,0,0.0
160218,2018-02-02,0,0.0
160218,2018-02-03,0,0
160218,2018-02-04,0,0
160218,2018-02-05,0,0.0
160218,2018-02-06,0,0.0
160218,2018-02-07,0,0.0
160218,2018-02-08,0,0.0
160218,2018-02-09,0,0.0
160218,2018-02-10,0,0
160218,2018-02-11,0,0
160218,2018-02-12,0,0.0
160218,2018-02-13,0,0.0
160218,2018-02-14,0,0.0
160218,2018-02-15,0,0
160218,2018-02-16,0,0
160218,2018-02-17,0,0
160218,2018-02-18,0,0
160218,2018-02-19,0,0
160218,2018-02-20,0,0
160218,2018-02-21,0,0
160218,2018-02-22,0,0.0
160218,2018-02-23,0,0.0
160218,2018-02-24,0,0
160218,2018-02-25,0,0
160218,2018-02-26,0,0.0
160218,2018-02-27,0,0.0
160218,2018-02-28,0,0.0
160218,2018-03-01,0,0.0
160218,2018-03-02,0,0.0
160218,2018-03-03,0,0
160218,2018-03-04,0,0
160218,2018-03-05,0,0.0
160218,2018-03-06,0,0.0
160218,2018-03-07,0,0.0
160218,2018-03-08,0,0.0
160218,2018-03-09,0,0.0
160218,2018-03-10,0,0
160218,2018-03-11,0,0
160218,2018-03-12,0,0.0
160218,2018-03-13,0,0.0
160218,2018-03-14,0,0.0
160218,2018-03-15,0,0.0
160218,2018-03-16,0,0.0
160218,2018-03-17,0,0
160218,2018-03-18,0,0
160218,2018-03-19,0,0.0
160218,2018-03-20,0,0.0
160218,2018-03-21,0,0.0
160218,2018-03-22,0,0.0
160218,2018-03-23,0,0.0
160218,2018-03-24,0,0
160218,2018-03-25,0,0
160218,2018-03-26,0,0.0
160218,2018-03-27,0,0.0
160218,2018-03-28,0,0.0
160218,2018-03-29,0,0.0
160218,2018-03-30,0,0.0
160218,2018-03-31,0,0
160218,2018-04-01,0,0
160218,2018-04-02,0,0.0
160218,2018-04-03,0,0.0
160218,2018-04-04,0,0.0
160218,2018-04-05,0,0
160218,2018-04-06,0,0
160218,2018-04-07,0,0
160218,2018-04-08,0,0
160218,2018-04-09,0,0.0
160218,2018-04-10,0,0.0
160218,2018-04-11,0,0.0
160218,2018-04-12,0,0.0
160218,2018-04-13,0,0.0
160218,2018-04-14,0,0
160218,2018-04-15,0,0
160218,2018-04-16,108,56.58
160218,2018-04-17,113,59.49
160218,2018-04-18,112,58.89
160218,2018-04-19,109,57.19
160218,2018-04-20,114,60.1
160218,2018-04-21,0,0
160218,2018-04-22,0,0
160218,2018-04-23,115,60.69
160218,2018-04-24,107,55.87
160218,2018-04-25,111,58.25
160218,2018-04-26,120,63.45
160218,2018-04-27,123,65.15
160218,2018-04-28,0,0
160218,2018-04-29,0,0
160218,2018-04-30,0,0
160218,2018-05-01,0,0
160218,2018-05-02,126,66.82
160218,2018-05-03,125,66.24
160218,2018-05-04,126,66.82
160218,2018-05-05,0,0
160218,2018-05-06,0,0
160218,2018-05-07,120,63.26
160218,2018-05-08,112,58.65
160218,2018-05-09,115,60.39
160218,2018-05-10,113,59.22
160218,2018-05-11,116,60.98
160218,2018-05-12,0,0
160218,2018-05-13,0,0
160218,2018-05-14,117,61.59
160218,2018-05-15,115,60.44
160218,2018-05-16,119,62.73
160218,2018-05-17,119,62.62
160218,2018-05-18,116,60.88
160218,2018-05-19,0,0
160218,2018-05-20,0,0
160218,2018-05-21,115,60.37
160218,2018-05-22,121,63.87
160218,2018-05-23,127,67.37
160218,2018-05-24,129,68.58
160218,2018-05-25,131,69.74
160218,2018-05-26,0,0
160218,2018-05-27,0,0
160218,2018-05-28,134,71.54
160218,2018-05-29,141,75.7
160218,2018-05-30,156,84.7
160218,2018-05-31,146,78.72
160218,2018-06-01,145,78.08
160218,2018-06-02,0,0
160218,2018-06-03,0,0
160218,2018-06-04,134,71.58
160218,2018-06-05,132,70.37
160218,2018-06-06,135,72.21
160218,2018-06-07,128,68.15
160218,2018-06-08,136,72.93
160218,2018-06-09,0,0
160218,2018-06-10,0,0
160218,2018-06-11,129,68.83
160218,2018-06-12,126,67.09
160218,2018-06-13,127,67.65
160218,2018-06-14,129,68.83
160218,2018-06-15,124,65.92
160218,2018-06-16,0,0
160218,2018-06-17,0,0
160218,2018-06-18,0,0
160218,2018-06-19,144,77.79
160218,2018-06-20,137,73.59
160218,2018-06-21,136,73.04
160218,2018-06-22,131,70.12
160218,2018-06-23,0,0
160218,2018-06-24,0,0
160218,2018-06-25,150,81.38
160218,2018-06-26,168,92.17
160218,2018-06-27,185,102.51
160218,2018-06-28,193,107.43
160218,2018-06-29,175,96.47
160218,2018-06-30,175,96.47
160218,2018-07-01,0,0
160218,2018-07-02,221,125.39
160218,2018-07-03,212,119.73
160218,2018-07-04,231,131.89
160218,2018-07-05,241,138.47
160218,2018-07-06,240,137.89
160218,2018-07-07,0,0
160218,2018-07-08,0,0
160218,2018-07-09,214,121.08
160218,2018-07-10,201,112.79
160218,2018-07-11,223,126.98
160218,2018-07-12,205,115.54
160218,2018-07-13,204,114.9
160218,2018-07-14,0,0
160218,2018-07-15,0,0
160218,2018-07-16,220,125.06
160218,2018-07-17,221,125.69
160218,2018-07-18,236,135.35
160218,2018-07-19,237,136.03
160218,2018-07-20,220,125.1
160218,2018-07-21,0,0
160218,2018-07-22,0,0
160218,2018-07-23,199,111.77
160218,2018-07-24,182,101.09
160218,2018-07-25,183,101.74
160218,2018-07-26,190,106.12
160218,2018-07-27,193,108.03
160218,2018-07-28,0,0
160218,2018-07-29,0,0
160218,2018-07-30,196,109.95
160218,2018-07-31,185,103.02
160218,2018-08-01,215,122.19
160218,2018-08-02,249,144.43
160218,2018-08-03,264,154.39
160218,2018-08-04,0,0
160218,2018-08-05,0,0
160218,2018-08-06,287,169.72
160218,2018-08-07,250,145.28
160218,2018-08-08,266,155.81
160218,2018-08-09,236,136.09
160218,2018-08-10,220,125.74
160218,2018-08-11,0,0
160218,2018-08-12,0,0
160218,2018-08-13,230,132.17
160218,2018-08-14,242,140.0
160218,2018-08-15,257,149.7
160218,2018-08-16,254,147.64
160218,2018-08-17,265,154.8
160218,2018-08-18,0,0
160218,2018-08-19,0,0
160218,2018-08-20,252,146.2
160218,2018-08-21,237,136.65
160218,2018-08-22,243,140.51
160218,2018-08-23,249,144.14
160218,2018-08-24,249,144.11
160218,2018-08-25,0,0
160218,2018-08-26,0,0
160218,2018-08-27,220,125.18
160218,2018-08-28,220,125.23
160218,2018-08-29,217,123.21
160218,2018-08-30,228,130.23
160218,2018-08-31,220,124.92
160218,2018-09-01,0,0
160218,2018-09-02,0,0
160218,2018-09-03,223,126.87
160218,2018-09-04,210,118.62
160218,2018-09-05,230,131.43
160218,2018-09-06,247,142.44
160218,2018-09-07,239,137.34
160218,2018-09-08,0,0
160218,2018-09-09,0,0
160218,2018-09-10,235,134.82
160218,2018-09-11,243,140.11
160218,2018-09-12,246,142.07
160218,2018-09-13,239,137.51
160218,2018-09-14,236,135.64
160218,2018-09-15,0,0
160218,2018-09-16,0,0
160218,2018-09-17,250,144.82
160218,2018-09-18,236,135.72
160218,2018-09-19,203,114.53
160218,2018-09-20,205,115.9
160218,2018-09-21,179,99.47
160218,2018-09-22,0,0
160218,2018-09-23,0,0
160218,2018-09-24,0,0
160218,2018-09-25,206,116.69
160218,2018-09-26,204,115.52
160218,2018-09-27,212,120.62
160218,2018-09-28,211,120.04
160218,2018-09-29,0,0
160218,2018-09-30,0,0
160218,2018-10-01,0,0
160218,2018-10-02,0,0
160218,2018-10-03,0,0
160218,2018-10-04,0,0
160218,2018-10-05,0,0
160218,2018-10-06,0,0
160218,2018-10-07,0,0
160218,2018-10-08,257,150.19
160218,2018-10-09,262,153.64
160218,2018-10-10,260,152.34
160218,2018-10-11,337,203.96
160218,2018-10-12,315,189.25
160218,2018-10-13,0,0
160218,2018-10-14,0,0
160218,2018-10-15,343,208.47
160218,2018-10-16,382,235.4
160218,2018-10-17,367,225.13
160218,2018-10-18,396,245.26
160218,2018-10-19,343,208.78
160218,2018-10-20,0,0
160218,2018-10-21,0,0
160218,2018-10-22,287,170.81
160218,2018-10-23,314,188.94
160218,2018-10-24,301,180.24
160218,2018-10-25,270,159.58
160218,2018-10-26,253,148.1
160218,2018-10-27,0,0
160218,2018-10-28,0,0
160218,2018-10-29,275,162.61
160218,2018-10-30,257,150.48
160218,2018-10-31,246,143.13
160218,2018-11-01,239,138.53
160218,2018-11-02,229,132.08
160218,2018-11-03,0,0
160218,2018-11-04,0,0
160218,2018-11-05,237,137.25
160218,2018-11-06,224,128.86
160218,2018-11-07,233,134.68
160218,2018-11-08,234,135.33
160218,2018-11-09,242,140.54
160218,2018-11-10,0,0
160218,2018-11-11,0,0
160218,2018-11-12,226,130.15
160218,2018-11-13,215,123.08
160218,2018-11-14,208,118.57
160218,2018-11-15,197,111.51
160218,2018-11-16,181,101.44
160218,2018-11-17,0,0
160218,2018-11-18,0,0
160218,2018-11-19,157,86.39
160218,2018-11-20,175,97.71
160218,2018-11-21,166,92.08
160218,2018-11-22,171,95.21
160218,2018-11-23,197,111.75
160218,2018-11-24,0,0
160218,2018-11-25,0,0
160218,2018-11-26,194,109.83
160218,2018-11-27,199,113.07
160218,2018-11-28,184,103.56
160218,2018-11-29,202,115.1
160218,2018-11-30,197,111.89
160218,2018-12-01,0,0
160218,2018-12-02,0,0
160218,2018-12-03,187,105.55
160218,2018-12-04,196,111.3
160218,2018-12-05,195,110.65
160218,2018-12-06,204,116.45
160218,2018-12-07,200,113.91
160218,2018-12-08,0,0
160218,2018-12-09,0,0
160218,2018-12-10,196,112.52
160218,2018-12-11,179,101.6
160218,2018-12-12,174,98.32
160218,2018-12-13,160,89.46
160218,2018-12-14,175,98.99
160218,2018-12-15,0,0
160218,2018-12-16,0,0
160218,2018-12-17,172,97.06
160218,2018-12-18,191,109.24
160218,2018-12-19,194,111.21
160218,2018-12-20,193,110.58
160218,2018-12-21,214,124.22
160218,2018-12-22,0,0
160218,2018-12-23,0,0
160218,2018-12-24,216,125.51
160218,2018-12-25,219,127.53
160218,2018-12-26,221,128.86
160218,2018-12-27,228,133.49
160218,2018-12-28,221,128.97
160218,2018-12-29,0,0
160218,2018-12-30,0,0
160218,2018-12-31,220,128.39
160218,2019-01-01,0,0
160218,2019-01-02,228,134.33
160218,2019-01-03,228,134.51
160218,2019-01-04,207,120.72
160218,2019-01-05,0,0
160218,2019-01-06,0,0
160218,2019-01-07,200,116.27
160218,2019-01-08,204,118.92
160218,2019-01-09,199,115.66
160218,2019-01-10,205,119.68
160218,2019-01-11,199,115.74
160218,2019-01-12,0,0
160218,2019-01-13,0,0
160218,2019-01-14,205,119.69
160218,2019-01-15,203,118.08
160218,2019-01-16,202,117.28
160218,2019-01-17,204,118.69
160218,2019-01-18,194,112.2
160218,2019-01-19,0,0
160218,2019-01-20,0,0
160218,2019-01-21,196,113.56
160218,2019-01-22,199,115.56
160218,2019-01-23,200,116.3
160218,2019-01-24,199,115.7
160218,2019-01-25,190,109.92
160218,2019-01-26,0,0
160218,2019-01-27,0,0
160218,2019-01-28,193,111.75
160218,2019-01-29,182,104.66
160218,2019-01-30,177,101.43
160218,2019-01-31,174,99.61
160218,2019-02-01,168,95.77
160218,2019-02-02,0,0
160218,2019-02-03,0,0
160218,2019-02-04,0,0
160218,2019-02-05,0,0
160218,2019-02-06,0,0
160218,2019-02-07,0,0
160218,2019-02-08,0,0
160218,2019-02-09,0,0
160218,2019-02-10,0,0
160218,2019-02-11,159,90.14
160218,2019-02-12,156,88.27
160218,2019-02-13,146,81.89
160218,2019-02-14,145,81.25
160218,2019-02-15,159,90.13
160218,2019-02-16,0,0
160218,2019-02-17,0,0
160218,2019-02-18,143,80.02
160218,2019-02-19,143,80.1
160218,2019-02-20,135,75.06
160218,2019-02-21,142,79.46
160218,2019-02-22,0,0.0
160218,2019-02-23,0,0
160218,2019-02-24,0,0
160218,2019-02-25,0,0.0
160218,2019-02-26,0,0.0
160218,2019-02-27,0,0.0
160218,2019-02-28,0,0.0
160218,2019-03-01,0,0.0
160218,2019-03-02,0,0
160218,2019-03-03,0,0
160218,2019-03-04,0,0.0
160218,2019-03-05,0,0.0
160218,2019-03-06,0,0.0
160218,2019-03-07,0,0.0
160218,2019-03-08,0,0.0
160218,2019-03-09,0,0
160218,2019-03-10,0,0
160218,2019-03-11,0,0.0
160218,2019-03-12,0,0.0
160218,2019-03-13,0,0.0
160218,2019-03-14,0,0.0
160218,2019-03-15,0,0.0
160218,2019-03-16,0,0
160218,2019-03-17,0,0
160218,2019-03-18,0,0.0
160218,2019-03-19,0,0.0
160218,2019-03-20,0,0.0
160218,2019-03-21,0,0.0
160218,2019-03-22,0,0.0
160218,2019-03-23,0,0
160218,2019-03-24,0,0
160218,2019-03-25,0,0.0
160218,2019-03-26,0,0.0
160218,2019-03-27,0,0.0
160218,2019-03-28,0,0.0
160218,2019-03-29,0,0.0
160218,2019-03-30,0,0
160218,2019-03-31,0,0
160218,2019-04-01,0,0.0
160218,2019-04-02,0,0.0
160218,2019-04-03,0,0.0
160218,2019-04-04,0,0.0
160218,2019-04-05,0,0
160218,2019-04-06,0,0
160218,2019-04-07,0,0
160218,2019-04-08,0,0.0
160218,2019-04-09,0,0.0
160218,2019-04-10,0,0.0
160218,2019-04-11,0,0.0
160218,2019-04-12,0,0.0
160218,2019-04-13,0,0
160218,2019-04-14,0,0
160218,2019-04-15,0,0.0
160218,2019-04-16,0,0.0
160218,2019-04-17,0,0.0
160218,2019-04-18,0,0.0
160218,2019-04-19,0,0.0
160218,2019-04-20,0,0
160218,2019-04-21,0,0
160218,2019-04-22,0,0.0
160218,2019-04-23,0,0.0
160218,2019-04-24,0,0.0
160218,2019-04-25,0,0.0
160218,2019-04-26,0,0.0
160218,2019-04-27,0,0
160218,2019-04-28,0,0
160218,2019-04-29,0,0.0
160218,2019-04-30,0,0.0
160218,2019-05-01,0,0
160218,2019-05-02,0,0
160218,2019-05-03,0,0
160218,2019-05-04,0,0
160218,2019-05-05,0,0
160218,2019-05-06,0,0.0
160218,2019-05-07,0,0.0
160218,2019-05-08,0,0.0
160218,2019-05-09,0,0.0
160218,2019-05-10,0,0.0
160218,2019-05-11,0,0
160218,2019-05-12,0,0
160218,2019-05-13,0,0.0
160218,2019-05-14,0,0.0
160218,2019-05-15,0,0.0
160218,2019-05-16,0,0.0
160218,2019-05-17,0,0.0
160218,2019-05-18,0,0
160218,2019-05-19,0,0
160218,2019-05-20,0,0.0
160218,2019-05-21,0,0.0
160218,2019-05-22,0,0.0
160218,2019-05-23,0,0.0
160218,2019-05-24,0,0.0
160218,2019-05-25,0,0
160218,2019-05-26,0,0
160218,2019-05-27,0,0.0
160218,2019-05-28,0,0.0
160218,2019-05-29,0,0.0
160218,2019-05-30,0,0.0
160218,2019-05-31,0,0.0
160218,2019-06-01,0,0
160218,2019-06-02,0,0
160218,2019-06-03,0,0.0
160218,2019-06-04,0,0.0
160218,2019-06-05,0,0.0
160218,2019-06-06,0,0.0
160218,2019-06-07,0,0
160218,2019-06-08,0,0
160218,2019-06-09,0,0
160218,2019-06-10,0,0.0
160218,2019-06-11,0,0.0
160218,2019-06-12,0,0.0
160218,2019-06-13,0,0.0
160218,2019-06-14,0,0.0
160218,2019-06-15,0,0
160218,2019-06-16,0,0
160218,2019-06-17,0,0.0
160218,2019-06-18,0,0.0
160218,2019-06-19,0,0.0
160218,2019-06-20,0,0.0
160218,2019-06-21,0,0.0
160218,2019-06-22,0,0
160218,2019-06-23,0,0
160218,2019-06-24,0,0.0
160218,2019-06-25,0,0.0
160218,2019-06-26,0,0.0
160218,2019-06-27,0,0.0
160218,2019-06-28,0,0.0
160218,2019-06-29,0,0
160218,2019-06-30,0,0.0
160218,2019-07-01,0,0.0
160218,2019-07-02,0,0.0
160218,2019-07-03,0,0.0
160218,2019-07-04,0,0.0
160218,2019-07-05,0,0.0
160218,2019-07-06,0,0
160218,2019-07-07,0,0
160218,2019-07-08,0,0.0
160218,2019-07-09,0,0.0
160218,2019-07-10,0,0.0
160218,2019-07-11,0,0.0
160218,2019-07-12,0,0.0
160218,2019-07-13,0,0
160218,2019-07-14,0,0
160218,2019-07-15,0,0.0
160218,2019-07-16,0,0.0
160218,2019-07-17,0,0.0
160218,2019-07-18,0,0.0
160218,2019-07-19,0,0.0
160218,2019-07-20,0,0
160218,2019-07-21,0,0
160218,2019-07-22,0,0.0
160218,2019-07-23,0,0.0
160218,2019-07-24,0,0.0
160218,2019-07-25,0,0.0
160218,2019-07-26,0,0.0
160218,2019-07-27,0,0
160218,2019-07-28,0,0
160218,2019-07-29,0,0.0
160218,2019-07-30,0,0.0
160218,2019-07-31,0,0.0
160218,2019-08-01,0,0.0
160218,2019-08-02,0,0.0
160218,2019-08-03,0,0
160218,2019-08-04,0,0
160218,2019-08-05,0,0.0
160218,2019-08-06,0,0.0
160218,2019-08-07,0,0.0
160218,2019-08-08,0,0.0
160218,2019-08-09,164,90.75
160218,2019-08-10,0,0
160218,2019-08-11,0,0
160218,2019-08-12,0,0.0
160218,2019-08-13,0,0.0
160218,2019-08-14,0,0.0
160218,2019-08-15,0,0.0
160218,2019-08-16,0,0.0
160218,2019-08-17,0,0
160218,2019-08-18,0,0
160218,2019-08-19,0,0.0
160218,2019-08-20,0,0.0
160218,2019-08-21,0,0.0
160218,2019-08-22,0,0.0
160218,2019-08-23,0,0.0
160218,2019-08-24,0,0
160218,2019-08-25,0,0
160218,2019-08-26,0,0.0
160218,2019-08-27,0,0.0
160218,2019-08-28,0,0.0
160218,2019-08-29,0,0.0
160218,2019-08-30,154,84.88
160218,2019-08-31,0,0
160218,2019-09-01,0,0
160218,2019-09-02,0,0.0
160218,2019-09-03,152,83.59
160218,2019-09-04,0,0.0
160218,2019-09-05,0,0.0
160218,2019-09-06,0,0.0
160218,2019-09-07,0,0
160218,2019-09-08,0,0
160218,2019-09-09,0,0.0
160218,2019-09-10,0,0.0
160218,2019-09-11,0,0.0
160218,2019-09-12,0,0.0
160218,2019-09-13,0,0
160218,2019-09-14,0,0
160218,2019-09-15,0,0
160218,2019-09-16,0,0.0
160218,2019-09-17,0,0.0
160218,2019-09-18,0,0.0
160218,2019-09-19,0,0.0
160218,2019-09-20,0,0.0
160218,2019-09-21,0,0
160218,2019-09-22,0,0
160218,2019-09-23,0,0.0
160218,2019-09-24,0,0.0
160218,2019-09-25,0,0.0
160218,2019-09-26,0,0.0
160218,2019-09-27,0,0.0
160218,2019-09-28,0,0
160218,2019-09-29,0,0
160218,2019-09-30,0,0.0
160218,2019-10-01,0,0
160218,2019-10-02,0,0
160218,2019-10-03,0,0
160218,2019-10-04,0,0
160218,2019-10-05,0,0
160218,2019-10-06,0,0
160218,2019-10-07,0,0
160218,2019-10-08,0,0.0
160218,2019-10-09,0,0.0
160218,2019-10-10,0,0.0
160218,2019-10-11,0,0.0
160218,2019-10-12,0,0
160218,2019-10-13,0,0
160218,2019-10-14,0,0.0
160218,2019-10-15,0,0.0
160218,2019-10-16,0,0.0
160218,2019-10-17,0,0.0
160218,2019-10-18,0,0.0
160218,2019-10-19,0,0
160218,2019-10-20,0,0
160218,2019-10-21,0,0.0
160218,2019-10-22,0,0.0
160218,2019-10-23,0,0.0
160218,2019-10-24,0,0.0
160218,2019-10-25,0,0.0
160218,2019-10-26,0,0
160218,2019-10-27,0,0
160218,2019-10-28,0,0.0
160218,2019-10-29,0,0.0
160218,2019-10-30,0,0.0
160218,2019-10-31,0,0.0
160218,2019-11-01,0,0.0
160218,2019-11-02,0,0
160218,2019-11-03,0,0
160218,2019-11-04,0,0.0
160218,2019-11-05,0,0.0
160218,2019-11-06,0,0.0
160218,2019-11-07,0,0.0
160218,2019-11-08,0,0.0
160218,2019-11-09,0,0
160218,2019-11-10,0,0
160218,2019-11-11,162,88.1
160218,2019-11-12,160,86.95
160218,2019-11-13,166,90.59
160218,2019-11-14,166,90.61
160218,2019-11-15,171,93.69
160218,2019-11-16,0,0
160218,2019-11-17,0,0
160218,2019-11-18,164,89.44
160218,2019-11-19,0,0.0
160218,2019-11-20,160,86.96
160218,2019-11-21,161,87.57
160218,2019-11-22,161,87.6
160218,2019-11-23,0,0
160218,2019-11-24,0,0
160218,2019-11-25,0,0.0
160218,2019-11-26,0,0.0
160218,2019-11-27,0,0.0
160218,2019-11-28,154,83.43
160218,2019-11-29,156,84.61
160218,2019-11-30,0,0
160218,2019-12-01,0,0
160218,2019-12-02,0,0.0
160218,2019-12-03,0,0.0
160218,2019-12-04,0,0.0
160218,2019-12-05,0,0.0
160218,2019-12-06,0,0.0
160218,2019-12-07,0,0
160218,2019-12-08,0,0
160218,2019-12-09,0,0.0
160218,2019-12-10,0,0.0
160218,2019-12-11,0,0.0
160218,2019-12-12,0,0.0
160218,2019-12-13,0,0.0
160218,2019-12-14,0,0
160218,2019-12-15,0,0
160218,2019-12-16,0,0.0
160218,2019-12-17,0,0.0
160218,2019-12-18,0,0.0
160218,2019-12-19,0,0.0
160218,2019-12-20,0,0.0
160218,2019-12-21,0,0
160218,2019-12-22,0,0
160218,2019-12-23,0,0.0
160218,2019-12-24,0,0.0
160218,2019-12-25,0,0.0
160218,2019-12-26,0,0.0
160218,2019-12-27,0,0.0
160218,2019-12-28,0,0
160218,2019-12-29,0,0
160218,2019-12-30,0,0.0
160218,2019-12-31,0,0.0
160218,2020-01-01,0,0
160218,2020-01-02,0,0.0
160218,2020-01-03,0,0.0
160218,2020-01-04,0,0
160218,2020-01-05,0,0
160218,2020-01-06,0,0.0
160218,2020-01-07,0,0.0
160218,2020-01-08,0,0.0
160218,2020-01-09,0,0.0
160218,2020-01-10,0,0.0
160218,2020-01-11,0,0
160218,2020-01-12,0,0
160218,2020-01-13,0,0.0
160218,2020-01-14,0,0.0
160218,2020-01-15,0,0.0
160218,2020-01-16,0,0.0
160218,2020-01-17,0,0.0
160218,2020-01-18,0,0
160218,2020-01-19,0,0
160218,2020-01-20,0,0.0
160218,2020-01-21,0,0.0
160218,2020-01-22,0,0.0
160218,2020-01-23,139,74.16
160218,2020-01-24,0,0
160218,2020-01-25,0,0
160218,2020-01-26,0,0
160218,2020-01-27,0,0
160218,2020-01-28,0,0
160218,2020-01-29,0,0
160218,2020-01-30,0,0
160218,2020-01-31,0,0
160218,2020-02-01,0,0
160218,2020-02-02,0,0
160218,2020-02-03,202,113.21
160218,2020-02-04,195,108.8
160218,2020-02-05,187,103.83
160218,2020-02-06,180,99.47
160218,2020-02-07,181,100.12
160218,2020-02-08,0,0
160218,2020-02-09,0,0
160218,2020-02-10,163,89.11
160218,2020-02-11,156,84.83
160218,2020-02-12,155,84.18
160218,2020-02-13,145,78.11
160218,2020-02-14,0,0.0
160218,2020-02-15,0,0
160218,2020-02-16,0,0
160218,2020-02-17,0,0.0
160218,2020-02-18,0,0.0
160218,2020-02-19,0,0.0
160218,2020-02-20,0,0.0
160218,2020-02-21,0,0.0
160218,2020-02-22,0,0
160218,2020-02-23,0,0
160218,2020-02-24,135,72.13
160218,2020-02-25,136,72.66
160218,2020-02-26,0,0.0
160218,2020-02-27,0,0.0
160218,2020-02-28,138,73.87
160218,2020-02-29,0,0
160218,2020-03-01,0,0
160218,2020-03-02,0,0.0
160218,2020-03-03,0,0.0
160218,2020-03-04,0,0.0
160218,2020-03-05,0,0.0
160218,2020-03-06,0,0.0
160218,2020-03-07,0,0
160218,2020-03-08,0,0
160218,2020-03-09,0,0.0
160218,2020-03-10,0,0.0
160218,2020-03-11,0,0.0
160218,2020-03-12,0,0.0
160218,2020-03-13,130,69.28
160218,2020-03-14,0,0
160218,2020-03-15,0,0
160218,2020-03-16,147,79.65
160218,2020-03-17,155,84.51
160218,2020-03-18,185,102.77
160218,2020-03-19,201,112.83
160218,2020-03-20,181,100.29
160218,2020-03-21,0,0
160218,2020-03-22,0,0
160218,2020-03-23,213,120.51
160218,2020-03-24,195,109.16
160218,2020-03-25,164,89.9
160218,2020-03-26,170,93.58
160218,2020-03-27,163,89.29
160218,2020-03-28,0,0
160218,2020-03-29,0,0
160218,2020-03-30,172,94.78
160218,2020-03-31,177,97.93
160218,2020-04-01,173,95.45
160218,2020-04-02,165,90.6
160218,2020-04-03,167,91.81
160218,2020-04-04,0,0
160218,2020-04-05,0,0
160218,2020-04-06,0,0
160218,2020-04-07,157,85.74
160218,2020-04-08,160,87.61
160218,2020-04-09,162,88.82
160218,2020-04-10,165,90.73
160218,2020-04-11,0,0
160218,2020-04-12,0,0
160218,2020-04-13,165,90.78
160218,2020-04-14,160,87.16
160218,2020-04-15,170,93.23
160218,2020-04-16,164,89.69
160218,2020-04-17,160,87.34
160218,2020-04-18,0,0
160218,2020-04-19,0,0
160218,2020-04-20,161,87.99
160218,2020-04-21,164,90.14
160218,2020-04-22,162,88.86
160218,2020-04-23,163,89.43
160218,2020-04-24,170,93.69
160218,2020-04-25,0,0
160218,2020-04-26,0,0
160218,2020-04-27,166,91.11
160218,2020-04-28,162,88.72
160218,2020-04-29,151,81.96
160218,2020-04-30,148,80.18
160218,2020-05-01,0,0
160218,2020-05-02,0,0
160218,2020-05-03,0,0
160218,2020-05-04,0,0
160218,2020-05-05,0,0
160218,2020-05-06,152,82.69
160218,2020-05-07,158,86.35
160218,2020-05-08,151,82.07
160218,2020-05-09,0,0
160218,2020-05-10,0,0
160218,2020-05-11,151,82.05
160218,2020-05-12,156,85.12
160218,2020-05-13,155,84.48
160218,2020-05-14,163,89.48
160218,2020-05-15,161,88.28
160218,2020-05-16,0,0
160218,2020-05-17,0,0
160218,2020-05-18,156,85.17
160218,2020-05-19,157,85.76
160218,2020-05-20,162,88.88
160218,2020-05-21,163,89.58
160218,2020-05-22,176,97.62
160218,2020-05-23,0,0
160218,2020-05-24,0,0
160218,2020-05-25,168,92.64
160218,2020-05-26,162,88.93
160218,2020-05-27,160,87.69
160218,2020-05-28,156,85.28
160218,2020-05-29,164,89.95
160218,2020-05-30,0,0
160218,2020-05-31,0,0
160218,2020-06-01,147,79.52
160218,2020-06-02,0,0.0
160218,2020-06-03,0,0.0
160218,2020-06-04,0,0.0
160218,2020-06-05,142,76.4
160218,2020-06-06,0,0
160218,2020-06-07,0,0
160218,2020-06-08,0,0.0
160218,2020-06-09,0,0.0
160218,2020-06-10,141,75.88
160218,2020-06-11,146,78.89
160218,2020-06-12,112,60.55
160218,2020-06-13,0,0
160218,2020-06-14,0,0
160218,2020-06-15,149,80.82
160218,2020-06-16,140,75.32
160218,2020-06-17,142,76.58
160218,2020-06-18,139,74.75
160218,2020-06-19,0,0.0
160218,2020-06-20,0,0
160218,2020-06-21,0,0
160218,2020-06-22,139,74.76
160218,2020-06-23,143,77.16
160218,2020-06-24,0,0.0
160218,2020-06-25,0,0
160218,2020-06-26,0,0
160218,2020-06-27,0,0
160218,2020-06-28,0,0
160218,2020-06-29,142,76.52
160218,2020-06-30,0,0.0
160218,2020-07-01,0,0.0
160218,2020-07-02,0,0.0
160218,2020-07-03,0,0.0
160218,2020-07-04,0,0
160218,2020-07-05,0,0
160218,2020-07-06,0,0.0
160218,2020-07-07,0,0.0
160218,2020-07-08,0,0.0
160218,2020-07-09,0,0.0
160218,2020-07-10,0,0.0
160218,2020-07-11,0,0
160218,2020-07-12,0,0
160218,2020-07-13,0,0.0
160218,2020-07-14,0,0.0
160218,2020-07-15,0,0.0
160218,2020-07-16,0,0.0
160218,2020-07-17,0,0.0
160218,2020-07-18,0,0
160218,2020-07-19,0,0
160218,2020-07-20,0,0.0
160218,2020-07-21,0,0.0
160218,2020-07-22,0,0.0
160218,2020-07-23,0,0.0
160218,2020-07-24,0,0.0
160218,2020-07-25,0,0
160218,2020-07-26,0,0
160218,2020-07-27,0,0.0
160218,2020-07-28,0,0.0
160218,2020-07-29,0,0.0
160218,2020-07-30,0,0.0
160218,2020-07-31,0,0.0
160218,2020-08-01,0,0
160218,2020-08-02,0,0
160218,2020-08-03,0,0.0
160218,2020-08-04,0,0.0
160218,2020-08-05,0,0.0
160218,2020-08-06,0,0.0
160218,2020-08-07,0,0.0
160218,2020-08-08,0,0
160218,2020-08-09,0,0
160218,2020-08-10,0,0.0
160218,2020-08-11,0,0.0
160218,2020-08-12,0,0.0
160218,2020-08-13,0,0.0
160218,2020-08-14,0,0.0
160218,2020-08-15,0,0
160218,2020-08-16,0,0
160218,2020-08-17,0,0.0
160218,2020-08-18,0,0.0
160218,2020-08-19,0,0.0
160218,2020-08-20,0,0.0
160218,2020-08-21,0,0.0
160218,2020-08-22,0,0
160218,2020-08-23,0,0
160218,2020-08-24,0,0.0
160218,2020-08-25,0,0.0
160218,2020-08-26,0,0.0
160218,2020-08-27,0,0.0
160218,2020-08-28,0,0.0
160218,2020-08-29,0,0
160218,2020-08-30,0,0
160218,2020-08-31,0,0.0
160218,2020-09-01,0,0.0
160218,2020-09-02,0,0.0
160218,2020-09-03,0,0.0
160218,2020-09-04,0,0.0
160218,2020-09-05,0,0
160218,2020-09-06,0,0
160218,2020-09-07,0,0.0
160218,2020-09-08,0,0.0
160218,2020-09-09,0,0.0
160218,2020-09-10,0,0.0
160218,2020-09-11,0,0.0
160218,2020-09-12,0,0
160218,2020-09-13,0,0
160218,2020-09-14,0,0.0
160218,2020-09-15,0,0.0
160218,2020-09-16,0,0.0
160218,2020-09-17,0,0.0
160218,2020-09-18,0,0.0
160218,2020-09-19,0,0
160218,2020-09-20,0,0
160218,2020-09-21,0,0.0
160218,2020-09-22,0,0.0
160218,2020-09-23,0,0.0
160218,2020-09-24,0,0.0
160218,2020-09-25,0,0.0
160218,2020-09-26,0,0
160218,2020-09-27,0,0
160218,2020-09-28,0,0.0
160218,2020-09-29,0,0.0
160218,2020-09-30,0,0.0
160218,2020-10-01,0,0
160218,2020-10-02,0,0
160218,2020-10-03,0,0
160218,2020-10-04,0,0
160218,2020-10-05,0,0
160218,2020-10-06,0,0
160218,2020-10-07,0,0
160218,2020-10-08,0,0
160218,2020-10-09,0,0.0
160218,2020-10-10,0,0
160218,2020-10-11,0,0
160218,2020-10-12,0,0.0
160218,2020-10-13,0,0.0
160218,2020-10-14,0,0.0
160218,2020-10-15,0,0.0
160218,2020-10-16,0,0.0
160218,2020-10-17,0,0
160218,2020-10-18,0,0
160218,2020-10-19,0,0.0
160218,2020-10-20,0,0.0
160218,2020-10-21,0,0.0
160218,2020-10-22,0,0.0
160218,2020-10-23,0,0.0
160218,2020-10-24,0,0
160218,2020-10-25,0,0
160218,2020-10-26,0,0.0
160218,2020-10-27,0,0.0
160218,2020-10-28,0,0.0
160218,2020-10-29,0,0.0
160218,2020-10-30,135,71.46
160218,2020-10-31,0,0
160218,2020-11-01,0,0
160218,2020-11-02,136,72.09
160218,2020-11-03,0,0.0
160218,2020-11-04,131,69.07
160218,2020-11-05,0,0.0
160218,2020-11-06,0,0.0
160218,2020-11-07,0,0
160218,2020-11-08,0,0
160218,2020-11-09,0,0.0
160218,2020-11-10,0,0.0
160218,2020-11-11,0,0.0
160218,2020-11-12,0,0.0
160218,2020-11-13,0,0.0
160218,2020-11-14,0,0
160218,2020-11-15,0,0
160218,2020-11-16,0,0.0
160218,2020-11-17,0,0.0
160218,2020-11-18,0,0.0
160218,2020-11-19,0,0.0
160218,2020-11-20,0,0.0
160218,2020-11-21,0,0
160218,2020-11-22,0,0
160218,2020-11-23,0,0.0
160218,2020-11-24,0,0.0
160218,2020-11-25,0,0.0
160218,2020-11-26,0,0.0
160218,2020-11-27,0,0.0
160218,2020-11-28,0,0
160218,2020-11-29,0,0
160218,2020-11-30,0,0.0
160218,2020-12-01,0,0.0
160218,2020-12-02,0,0.0
160218,2020-12-03,0,0.0
160218,2020-12-04,0,0.0
160218,2020-12-05,0,0
160218,2020-12-06,0,0
160218,2020-12-07,0,0.0
160218,2020-12-08,0,0.0
160218,2020-12-09,128,67.27
160218,2020-12-10,128,67.3
160218,2020-12-11,134,70.82
160218,2020-12-12,0,0
160218,2020-12-13,0,0
160218,2020-12-14,125,65.74
160218,2020-12-15,131,69.28
160218,2020-12-16,131,69.33
160218,2020-12-17,128,67.5
160218,2020-12-18,132,69.9
160218,2020-12-19,0,0
160218,2020-12-20,0,0
160218,2020-12-21,134,71.11
