162412,2015-12-23,0,0.0
162412,2015-12-24,0,0.0
162412,2015-12-25,0,0.0
162412,2015-12-26,0,0
162412,2015-12-27,0,0
162412,2015-12-28,0,0.0
162412,2015-12-29,0,0.0
162412,2015-12-30,0,0.0
162412,2015-12-31,0,0.0
162412,2016-01-01,0,0
162412,2016-01-02,0,0
162412,2016-01-03,0,0
162412,2016-01-04,0,0.0
162412,2016-01-05,0,0.0
162412,2016-01-06,0,0.0
162412,2016-01-07,0,0.0
162412,2016-01-08,0,0.0
162412,2016-01-09,0,0
162412,2016-01-10,0,0
162412,2016-01-11,516,1274.39
162412,2016-01-12,0,0.0
162412,2016-01-13,565,1421.74
162412,2016-01-14,0,0.0
162412,2016-01-15,0,0.0
162412,2016-01-16,0,0
162412,2016-01-17,0,0
162412,2016-01-18,0,0.0
162412,2016-01-19,0,0.0
162412,2016-01-20,0,0.0
162412,2016-01-21,483,1190.53
162412,2016-01-22,0,0.0
162412,2016-01-23,0,0
162412,2016-01-24,0,0
162412,2016-01-25,0,0.0
162412,2016-01-26,688,1812.43
162412,2016-01-27,734,1957.86
162412,2016-01-28,923,2563.18
162412,2016-01-29,705,1877.0
162412,2016-01-30,0,0
162412,2016-01-31,0,0
162412,2016-02-01,732,1969.33
162412,2016-02-02,583,1511.15
162412,2016-02-03,566,1463.29
162412,2016-02-04,489,1236.72
162412,2016-02-05,512,1308.12
162412,2016-02-06,0,0
162412,2016-02-07,0,0
162412,2016-02-08,0,0
162412,2016-02-09,0,0
162412,2016-02-10,0,0
162412,2016-02-11,0,0
162412,2016-02-12,0,0
162412,2016-02-13,0,0
162412,2016-02-14,0,0
162412,2016-02-15,0,0.0
162412,2016-02-16,0,0.0
162412,2016-02-17,0,0.0
162412,2016-02-18,0,0.0
162412,2016-02-19,0,0.0
162412,2016-02-20,0,0
162412,2016-02-21,0,0
162412,2016-02-22,0,0.0
162412,2016-02-23,0,0.0
162412,2016-02-24,0,0.0
162412,2016-02-25,575,1524.39
162412,2016-02-26,625,1680.11
162412,2016-02-27,0,0
162412,2016-02-28,0,0
162412,2016-02-29,893,2559.47
162412,2016-03-01,782,2196.01
162412,2016-03-02,605,1630.73
162412,2016-03-03,607,1634.8
162412,2016-03-04,790,2223.47
162412,2016-03-05,0,0
162412,2016-03-06,0,0
162412,2016-03-07,690,1902.4
162412,2016-03-08,635,1728.83
162412,2016-03-09,646,1765.51
162412,2016-03-10,722,2012.26
162412,2016-03-11,727,2031.29
162412,2016-03-12,0,0
162412,2016-03-13,0,0
162412,2016-03-14,570,1533.91
162412,2016-03-15,595,1615.53
162412,2016-03-16,622,1705.51
162412,2016-03-17,481,1266.46
162412,2016-03-18,0,0.0
162412,2016-03-19,0,0
162412,2016-03-20,0,0
162412,2016-03-21,0,0.0
162412,2016-03-22,0,0.0
162412,2016-03-23,0,0.0
162412,2016-03-24,0,0.0
162412,2016-03-25,0,0.0
162412,2016-03-26,0,0
162412,2016-03-27,0,0
162412,2016-03-28,0,0.0
162412,2016-03-29,0,0.0
162412,2016-03-30,0,0.0
162412,2016-03-31,0,0.0
162412,2016-04-01,0,0.0
162412,2016-04-02,0,0
162412,2016-04-03,0,0
162412,2016-04-04,0,0
162412,2016-04-05,0,0.0
162412,2016-04-06,0,0.0
162412,2016-04-07,0,0.0
162412,2016-04-08,0,0.0
162412,2016-04-09,0,0
162412,2016-04-10,0,0
162412,2016-04-11,0,0.0
162412,2016-04-12,0,0.0
162412,2016-04-13,0,0.0
162412,2016-04-14,0,0.0
162412,2016-04-15,0,0.0
162412,2016-04-16,0,0
162412,2016-04-17,0,0
162412,2016-04-18,0,0.0
162412,2016-04-19,0,0.0
162412,2016-04-20,469,1190.66
162412,2016-04-21,499,1278.18
162412,2016-04-22,446,1122.58
162412,2016-04-23,0,0
162412,2016-04-24,0,0
162412,2016-04-25,460,1163.38
162412,2016-04-26,406,1008.19
162412,2016-04-27,433,1085.49
162412,2016-04-28,425,1062.23
162412,2016-04-29,440,1107.2
162412,2016-04-30,0,0
162412,2016-05-01,0,0
162412,2016-05-02,0,0
162412,2016-05-03,364,893.25
162412,2016-05-04,363,891.89
162412,2016-05-05,343,837.2
162412,2016-05-06,433,1098.15
162412,2016-05-07,0,0
162412,2016-05-08,0,0
162412,2016-05-09,546,1439.87
162412,2016-05-10,545,1438.37
162412,2016-05-11,541,1427.06
162412,2016-05-12,539,1421.41
162412,2016-05-13,554,1468.33
162412,2016-05-14,0,0
162412,2016-05-15,0,0
162412,2016-05-16,502,1311.05
162412,2016-05-17,428,1090.17
162412,2016-05-18,522,1373.32
162412,2016-05-19,511,1340.86
162412,2016-05-20,473,1229.85
162412,2016-05-21,0,0
162412,2016-05-22,0,0
162412,2016-05-23,430,1105.97
162412,2016-05-24,461,1202.4
162412,2016-05-25,454,1185.07
162412,2016-05-26,422,1092.13
162412,2016-05-27,430,1120.67
162412,2016-05-28,0,0
162412,2016-05-29,0,0
162412,2016-05-30,425,1109.08
162412,2016-05-31,329,827.05
162412,2016-06-01,317,794.49
162412,2016-06-02,296,736.5
162412,2016-06-03,272,669.79
162412,2016-06-04,0,0
162412,2016-06-05,0,0
162412,2016-06-06,268,660.75
162412,2016-06-07,267,660.07
162412,2016-06-08,272,676.45
162412,2016-06-09,0,0
162412,2016-06-10,0,0
162412,2016-06-11,0,0
162412,2016-06-12,0,0
162412,2016-06-13,343,894.63
162412,2016-06-14,331,862.2
162412,2016-06-15,278,706.48
162412,2016-06-16,283,723.23
162412,2016-06-17,237,591.17
162412,2016-06-18,0,0
162412,2016-06-19,0,0
162412,2016-06-20,233,581.92
162412,2016-06-21,253,640.51
162412,2016-06-22,225,559.42
162412,2016-06-23,232,580.15
162412,2016-06-24,238,601.31
162412,2016-06-25,0,0
162412,2016-06-26,0,0
162412,2016-06-27,202,498.52
162412,2016-06-28,180,437.0
162412,2016-06-29,175,424.04
162412,2016-06-30,170,410.73
162412,2016-07-01,177,431.29
162412,2016-07-02,0,0
162412,2016-07-03,0,0
162412,2016-07-04,0,0.0
162412,2016-07-05,155,371.26
162412,2016-07-06,0,0.0
162412,2016-07-07,0,0.0
162412,2016-07-08,0,0.0
162412,2016-07-09,0,0
162412,2016-07-10,0,0
162412,2016-07-11,147,349.83
162412,2016-07-12,0,0.0
162412,2016-07-13,0,0.0
162412,2016-07-14,0,0.0
162412,2016-07-15,0,0.0
162412,2016-07-16,0,0
162412,2016-07-17,0,0
162412,2016-07-18,0,0.0
162412,2016-07-19,0,0.0
162412,2016-07-20,0,0.0
162412,2016-07-21,0,0.0
162412,2016-07-22,0,0.0
162412,2016-07-23,0,0
162412,2016-07-24,0,0
162412,2016-07-25,0,0.0
162412,2016-07-26,0,0.0
162412,2016-07-27,152,368.66
162412,2016-07-28,155,377.86
162412,2016-07-29,156,380.4
162412,2016-07-30,0,0
162412,2016-07-31,0,0
162412,2016-08-01,168,415.64
162412,2016-08-02,159,390.28
162412,2016-08-03,152,370.73
162412,2016-08-04,148,359.57
162412,2016-08-05,155,380.27
162412,2016-08-06,0,0
162412,2016-08-07,0,0
162412,2016-08-08,144,349.18
162412,2016-08-09,135,324.21
162412,2016-08-10,133,319.17
162412,2016-08-11,142,344.66
162412,2016-08-12,130,311.45
162412,2016-08-13,0,0
162412,2016-08-14,0,0
162412,2016-08-15,0,0.0
162412,2016-08-16,0,0.0
162412,2016-08-17,0,0.0
162412,2016-08-18,0,0.0
162412,2016-08-19,0,0.0
162412,2016-08-20,0,0
162412,2016-08-21,0,0
162412,2016-08-22,0,0.0
162412,2016-08-23,0,0.0
162412,2016-08-24,0,0.0
162412,2016-08-25,0,0.0
162412,2016-08-26,0,0.0
162412,2016-08-27,0,0
162412,2016-08-28,0,0
162412,2016-08-29,114,263.52
162412,2016-08-30,115,266.2
162412,2016-08-31,115,266.39
162412,2016-09-01,122,285.65
162412,2016-09-02,126,296.61
162412,2016-09-03,0,0
162412,2016-09-04,0,0
162412,2016-09-05,126,296.82
162412,2016-09-06,115,266.64
162412,2016-09-07,111,256.06
162412,2016-09-08,111,255.82
162412,2016-09-09,119,277.58
162412,2016-09-10,0,0
162412,2016-09-11,0,0
162412,2016-09-12,144,347.41
162412,2016-09-13,140,336.13
162412,2016-09-14,143,344.41
162412,2016-09-15,0,0
162412,2016-09-16,0,0
162412,2016-09-17,0,0
162412,2016-09-18,0,0
162412,2016-09-19,131,311.09
162412,2016-09-20,132,313.91
162412,2016-09-21,131,311.61
162412,2016-09-22,128,303.32
162412,2016-09-23,131,311.31
162412,2016-09-24,0,0
162412,2016-09-25,0,0
162412,2016-09-26,144,347.83
162412,2016-09-27,136,325.67
162412,2016-09-28,138,331.41
162412,2016-09-29,134,320.5
162412,2016-09-30,130,309.6
162412,2016-10-01,0,0
162412,2016-10-02,0,0
162412,2016-10-03,0,0
162412,2016-10-04,0,0
162412,2016-10-05,0,0
162412,2016-10-06,0,0
162412,2016-10-07,0,0
162412,2016-10-08,0,0
162412,2016-10-09,0,0
162412,2016-10-10,114,266.48
162412,2016-10-11,113,263.9
162412,2016-10-12,112,261.44
162412,2016-10-13,111,258.74
162412,2016-10-14,111,258.68
162412,2016-10-15,0,0
162412,2016-10-16,0,0
162412,2016-10-17,114,267.35
162412,2016-10-18,107,248.61
162412,2016-10-19,109,254.2
162412,2016-10-20,109,254.38
162412,2016-10-21,111,260.01
162412,2016-10-22,0,0
162412,2016-10-23,0,0
162412,2016-10-24,108,251.98
162412,2016-10-25,111,259.77
162412,2016-10-26,109,254.2
162412,2016-10-27,112,262.36
162412,2016-10-28,124,293.84
162412,2016-10-29,0,0
162412,2016-10-30,0,0
162412,2016-10-31,122,289.03
162412,2016-11-01,115,270.27
162412,2016-11-02,120,284.09
162412,2016-11-03,118,278.56
162412,2016-11-04,117,276.53
162412,2016-11-05,0,0
162412,2016-11-06,0,0
162412,2016-11-07,121,287.68
162412,2016-11-08,116,274.17
162412,2016-11-09,123,293.63
162412,2016-11-10,115,271.87
162412,2016-11-11,114,269.19
162412,2016-11-12,0,0
162412,2016-11-13,0,0
162412,2016-11-14,110,258.58
162412,2016-11-15,0,0.0
162412,2016-11-16,0,0.0
162412,2016-11-17,0,0.0
162412,2016-11-18,0,0.0
162412,2016-11-19,0,0
162412,2016-11-20,0,0
162412,2016-11-21,0,0.0
162412,2016-11-22,0,0.0
162412,2016-11-23,0,0.0
162412,2016-11-24,0,0.0
162412,2016-11-25,0,0.0
162412,2016-11-26,0,0
162412,2016-11-27,0,0
162412,2016-11-28,0,0.0
162412,2016-11-29,0,0.0
162412,2016-11-30,0,0.0
162412,2016-12-01,0,0.0
162412,2016-12-02,0,0.0
162412,2016-12-03,0,0
162412,2016-12-04,0,0
162412,2016-12-05,0,0.0
162412,2016-12-06,0,0.0
162412,2016-12-07,0,0.0
162412,2016-12-08,0,0.0
162412,2016-12-09,0,0.0
162412,2016-12-10,0,0
162412,2016-12-11,0,0
162412,2016-12-12,133,332.0
162412,2016-12-13,131,326.85
162412,2016-12-14,138,347.87
162412,2016-12-15,134,336.26
162412,2016-12-16,127,316.16
162412,2016-12-17,0,0
162412,2016-12-18,0,0
162412,2016-12-19,128,319.44
162412,2016-12-20,128,319.52
162412,2016-12-21,123,305.36
162412,2016-12-22,121,299.95
162412,2016-12-23,127,317.66
162412,2016-12-24,0,0
162412,2016-12-25,0,0
162412,2016-12-26,124,309.54
162412,2016-12-27,129,324.61
162412,2016-12-28,132,333.67
162412,2016-12-29,135,342.73
162412,2016-12-30,135,342.9
162412,2016-12-31,134,340.36
162412,2017-01-01,0,0
162412,2017-01-02,0,0
162412,2017-01-03,129,325.76
162412,2017-01-04,122,305.31
162412,2017-01-05,124,311.56
162412,2017-01-06,131,332.07
162412,2017-01-07,0,0
162412,2017-01-08,0,0
162412,2017-01-09,132,334.86
162412,2017-01-10,137,349.76
162412,2017-01-11,145,373.52
162412,2017-01-12,151,391.6
162412,2017-01-13,168,443.86
162412,2017-01-14,0,0
162412,2017-01-15,0,0
162412,2017-01-16,215,592.45
162412,2017-01-17,205,560.72
162412,2017-01-18,216,595.7
162412,2017-01-19,216,596.03
162412,2017-01-20,197,535.62
162412,2017-01-21,0,0
162412,2017-01-22,0,0
162412,2017-01-23,187,504.59
162412,2017-01-24,193,524.46
162412,2017-01-25,188,508.38
162412,2017-01-26,179,480.28
162412,2017-01-27,0,0
162412,2017-01-28,0,0
162412,2017-01-29,0,0
162412,2017-01-30,0,0
162412,2017-01-31,0,0
162412,2017-02-01,0,0
162412,2017-02-02,0,0
162412,2017-02-03,182,489.77
162412,2017-02-04,0,0
162412,2017-02-05,0,0
162412,2017-02-06,172,458.18
162412,2017-02-07,174,464.74
162412,2017-02-08,164,432.95
162412,2017-02-09,158,414.59
162412,2017-02-10,161,424.02
162412,2017-02-11,0,0
162412,2017-02-12,0,0
162412,2017-02-13,153,399.9
162412,2017-02-14,157,412.07
162412,2017-02-15,162,427.67
162412,2017-02-16,161,424.47
162412,2017-02-17,164,435.36
162412,2017-02-18,0,0
162412,2017-02-19,0,0
162412,2017-02-20,158,417.44
162412,2017-02-21,148,386.93
162412,2017-02-22,148,386.93
162412,2017-02-23,143,371.81
162412,2017-02-24,140,362.6
162412,2017-02-25,0,0
162412,2017-02-26,0,0
162412,2017-02-27,148,386.83
162412,2017-02-28,155,404.81
162412,2017-03-01,152,395.83
162412,2017-03-02,158,414.05
162412,2017-03-03,156,407.74
162412,2017-03-04,0,0
162412,2017-03-05,0,0
162412,2017-03-06,145,374.48
162412,2017-03-07,139,356.41
162412,2017-03-08,144,371.42
162412,2017-03-09,146,377.36
162412,2017-03-10,151,392.21
162412,2017-03-11,0,0
162412,2017-03-12,0,0
162412,2017-03-13,145,374.39
162412,2017-03-14,148,383.12
162412,2017-03-15,150,389.21
162412,2017-03-16,144,371.13
162412,2017-03-17,149,386.11
162412,2017-03-18,0,0
162412,2017-03-19,0,0
162412,2017-03-20,148,383.12
162412,2017-03-21,149,386.01
162412,2017-03-22,149,386.41
162412,2017-03-23,150,389.51
162412,2017-03-24,146,377.75
162412,2017-03-25,0,0
162412,2017-03-26,0,0
162412,2017-03-27,150,389.51
162412,2017-03-28,151,392.82
162412,2017-03-29,159,417.1
162412,2017-03-30,180,482.06
162412,2017-03-31,175,466.67
162412,2017-04-01,0,0
162412,2017-04-02,0,0
162412,2017-04-03,0,0
162412,2017-04-04,0,0
162412,2017-04-05,160,421.83
162412,2017-04-06,158,415.68
162412,2017-04-07,156,409.56
162412,2017-04-08,0,0
162412,2017-04-09,0,0
162412,2017-04-10,166,441.02
162412,2017-04-11,164,435.01
162412,2017-04-12,171,456.73
162412,2017-04-13,167,444.62
162412,2017-04-14,165,443.91
162412,2017-04-15,0,0
162412,2017-04-16,0,0
162412,2017-04-17,181,491.58
162412,2017-04-18,194,533.26
162412,2017-04-19,205,569.13
162412,2017-04-20,209,580.72
162412,2017-04-21,202,558.32
162412,2017-04-22,0,0
162412,2017-04-23,0,0
162412,2017-04-24,226,635.9
162412,2017-04-25,227,636.21
162412,2017-04-26,220,614.87
162412,2017-04-27,168,466.54
162412,2017-04-28,161,445.49
162412,2017-04-29,0,0
162412,2017-04-30,0,0
162412,2017-05-01,0,0
162412,2017-05-02,0,0.0
162412,2017-05-03,0,0.0
162412,2017-05-04,0,0.0
162412,2017-05-05,167,470.16
162412,2017-05-06,0,0
162412,2017-05-07,0,0
162412,2017-05-08,171,483.87
162412,2017-05-09,165,463.74
162412,2017-05-10,186,533.56
162412,2017-05-11,197,571.35
162412,2017-05-12,200,581.56
162412,2017-05-13,0,0
162412,2017-05-14,0,0
162412,2017-05-15,198,575.08
162412,2017-05-16,173,491.62
162412,2017-05-17,169,478.48
162412,2017-05-18,176,501.71
162412,2017-05-19,170,482.27
162412,2017-05-20,0,0
162412,2017-05-21,0,0
162412,2017-05-22,176,502.28
162412,2017-05-23,198,576.25
162412,2017-05-24,187,539.22
162412,2017-05-25,183,525.11
162412,2017-05-26,184,528.58
162412,2017-05-27,0,0
162412,2017-05-28,0,0
162412,2017-05-29,0,0
162412,2017-05-30,0,0
162412,2017-05-31,194,563.13
162412,2017-06-01,220,652.05
162412,2017-06-02,211,621.32
162412,2017-06-03,0,0
162412,2017-06-04,0,0
162412,2017-06-05,204,597.54
162412,2017-06-06,201,587.72
162412,2017-06-07,173,493.72
162412,2017-06-08,177,507.02
162412,2017-06-09,174,497.28
162412,2017-06-10,0,0
162412,2017-06-11,0,0
162412,2017-06-12,182,526.01
162412,2017-06-13,169,482.72
162412,2017-06-14,170,486.27
162412,2017-06-15,0,0.0
162412,2017-06-16,0,0.0
162412,2017-06-17,0,0
162412,2017-06-18,0,0
162412,2017-06-19,0,0.0
162412,2017-06-20,0,0.0
162412,2017-06-21,0,0.0
162412,2017-06-22,170,487.53
162412,2017-06-23,165,470.89
162412,2017-06-24,0,0
162412,2017-06-25,0,0
162412,2017-06-26,0,0.0
162412,2017-06-27,0,0.0
162412,2017-06-28,0,0.0
162412,2017-06-29,0,0.0
162412,2017-06-30,0,0.0
162412,2017-07-01,0,0
162412,2017-07-02,0,0
162412,2017-07-03,0,0.0
162412,2017-07-04,0,0.0
162412,2017-07-05,0,0.0
162412,2017-07-06,0,0.0
162412,2017-07-07,0,0.0
162412,2017-07-08,0,0
162412,2017-07-09,0,0
162412,2017-07-10,0,0.0
162412,2017-07-11,0,0.0
162412,2017-07-12,159,452.73
162412,2017-07-13,0,0.0
162412,2017-07-14,164,469.64
162412,2017-07-15,0,0
162412,2017-07-16,0,0
162412,2017-07-17,231,699.79
162412,2017-07-18,239,728.44
162412,2017-07-19,228,690.07
162412,2017-07-20,218,655.24
162412,2017-07-21,224,676.94
162412,2017-07-22,0,0
162412,2017-07-23,0,0
162412,2017-07-24,221,666.47
162412,2017-07-25,223,673.51
162412,2017-07-26,233,709.28
162412,2017-07-27,206,614.38
162412,2017-07-28,213,639.26
162412,2017-07-29,0,0
162412,2017-07-30,0,0
162412,2017-07-31,209,625.56
162412,2017-08-01,206,615.29
162412,2017-08-02,215,647.2
162412,2017-08-03,210,629.69
162412,2017-08-04,220,665.05
162412,2017-08-05,0,0
162412,2017-08-06,0,0
162412,2017-08-07,210,630.63
162412,2017-08-08,197,585.61
162412,2017-08-09,188,554.9
162412,2017-08-10,194,576.01
162412,2017-08-11,204,610.6
162412,2017-08-12,0,0
162412,2017-08-13,0,0
162412,2017-08-14,183,538.87
162412,2017-08-15,183,538.08
162412,2017-08-16,172,501.46
162412,2017-08-17,166,482.7
162412,2017-08-18,171,499.27
162412,2017-08-19,0,0
162412,2017-08-20,0,0
162412,2017-08-21,169,492.14
162412,2017-08-22,179,524.77
162412,2017-08-23,177,518.45
162412,2017-08-24,191,566.93
162412,2017-08-25,185,544.28
162412,2017-08-26,0,0
162412,2017-08-27,0,0
162412,2017-08-28,157,456.13
162412,2017-08-29,164,476.88
162412,2017-08-30,159,460.34
162412,2017-08-31,154,443.68
162412,2017-09-01,150,430.42
162412,2017-09-02,0,0
162412,2017-09-03,0,0
162412,2017-09-04,145,414.64
162412,2017-09-05,139,394.66
162412,2017-09-06,137,388.1
162412,2017-09-07,137,388.32
162412,2017-09-08,130,365.68
162412,2017-09-09,0,0
162412,2017-09-10,0,0
162412,2017-09-11,133,376.24
162412,2017-09-12,137,389.32
162412,2017-09-13,136,386.14
162412,2017-09-14,136,386.25
162412,2017-09-15,140,399.32
162412,2017-09-16,0,0
162412,2017-09-17,0,0
162412,2017-09-18,131,369.95
162412,2017-09-19,129,363.69
162412,2017-09-20,0,0.0
162412,2017-09-21,134,380.36
162412,2017-09-22,136,387.35
162412,2017-09-23,0,0
162412,2017-09-24,0,0
162412,2017-09-25,139,397.71
162412,2017-09-26,143,411.39
162412,2017-09-27,142,407.93
162412,2017-09-28,141,405.29
162412,2017-09-29,135,385.27
162412,2017-09-30,0,0
162412,2017-10-01,0,0
162412,2017-10-02,0,0
162412,2017-10-03,0,0
162412,2017-10-04,0,0
162412,2017-10-05,0,0
162412,2017-10-06,0,0
162412,2017-10-07,0,0
162412,2017-10-08,0,0
162412,2017-10-09,126,355.53
162412,2017-10-10,0,0.0
162412,2017-10-11,0,0.0
162412,2017-10-12,0,0.0
162412,2017-10-13,0,0.0
162412,2017-10-14,0,0
162412,2017-10-15,0,0
162412,2017-10-16,0,0.0
162412,2017-10-17,0,0.0
162412,2017-10-18,0,0.0
162412,2017-10-19,0,0.0
162412,2017-10-20,0,0.0
162412,2017-10-21,0,0
162412,2017-10-22,0,0
162412,2017-10-23,0,0.0
162412,2017-10-24,0,0.0
162412,2017-10-25,0,0.0
162412,2017-10-26,0,0.0
162412,2017-10-27,0,0.0
162412,2017-10-28,0,0
162412,2017-10-29,0,0
162412,2017-10-30,118,327.78
162412,2017-10-31,115,317.77
162412,2017-11-01,118,327.6
162412,2017-11-02,118,328.14
162412,2017-11-03,126,354.23
162412,2017-11-04,0,0
162412,2017-11-05,0,0
162412,2017-11-06,112,309.05
162412,2017-11-07,0,0.0
162412,2017-11-08,108,296.7
162412,2017-11-09,107,293.55
162412,2017-11-10,105,287.36
162412,2017-11-11,0,0
162412,2017-11-12,0,0
162412,2017-11-13,0,0.0
162412,2017-11-14,0,0.0
162412,2017-11-15,0,0.0
162412,2017-11-16,0,0.0
162412,2017-11-17,116,323.57
162412,2017-11-18,0,0
162412,2017-11-19,0,0
162412,2017-11-20,113,314.15
162412,2017-11-21,119,333.89
162412,2017-11-22,117,327.46
162412,2017-11-23,146,423.93
162412,2017-11-24,147,427.57
162412,2017-11-25,0,0
162412,2017-11-26,0,0
162412,2017-11-27,167,495.84
162412,2017-11-28,151,441.39
162412,2017-11-29,152,445.1
162412,2017-11-30,157,462.44
162412,2017-12-01,144,418.6
162412,2017-12-02,0,0
162412,2017-12-03,0,0
162412,2017-12-04,149,436.31
162412,2017-12-05,169,505.08
162412,2017-12-06,160,474.36
162412,2017-12-07,154,454.01
162412,2017-12-08,144,420.07
162412,2017-12-09,0,0
162412,2017-12-10,0,0
162412,2017-12-11,131,376.87
162412,2017-12-12,137,397.22
162412,2017-12-13,128,366.66
162412,2017-12-14,131,377.41
162412,2017-12-15,131,377.63
162412,2017-12-16,0,0
162412,2017-12-17,0,0
162412,2017-12-18,136,394.66
162412,2017-12-19,129,371.33
162412,2017-12-20,131,378.61
162412,2017-12-21,124,355.3
162412,2017-12-22,131,378.72
162412,2017-12-23,0,0
162412,2017-12-24,0,0
162412,2017-12-25,130,376.16
162412,2017-12-26,127,366.31
162412,2017-12-27,135,393.13
162412,2017-12-28,132,383.16
162412,2017-12-29,121,346.7
162412,2017-12-30,0,0
162412,2017-12-31,121,346.7
162412,2018-01-01,0,0
162412,2018-01-02,121,346.61
162412,2018-01-03,121,346.41
162412,2018-01-04,120,343.25
162412,2018-01-05,109,307.13
162412,2018-01-06,0,0
162412,2018-01-07,0,0
162412,2018-01-08,106,297.92
162412,2018-01-09,0,0.0
162412,2018-01-10,105,295.28
162412,2018-01-11,102,285.39
162412,2018-01-12,104,292.22
162412,2018-01-13,0,0
162412,2018-01-14,0,0
162412,2018-01-15,114,325.06
162412,2018-01-16,110,312.06
162412,2018-01-17,105,295.94
162412,2018-01-18,105,296.02
162412,2018-01-19,108,305.69
162412,2018-01-20,0,0
162412,2018-01-21,0,0
162412,2018-01-22,102,286.12
162412,2018-01-23,102,286.28
162412,2018-01-24,0,0.0
162412,2018-01-25,0,0.0
162412,2018-01-26,0,0.0
162412,2018-01-27,0,0
162412,2018-01-28,0,0
162412,2018-01-29,0,0.0
162412,2018-01-30,0,0.0
162412,2018-01-31,110,312.32
162412,2018-02-01,132,386.64
162412,2018-02-02,132,386.87
162412,2018-02-03,0,0
162412,2018-02-04,0,0
162412,2018-02-05,140,414.32
162412,2018-02-06,184,569.66
162412,2018-02-07,179,551.28
162412,2018-02-08,162,490.76
162412,2018-02-09,196,613.27
162412,2018-02-10,0,0
162412,2018-02-11,0,0
162412,2018-02-12,166,502.42
162412,2018-02-13,165,499.09
162412,2018-02-14,158,474.9
162412,2018-02-15,0,0
162412,2018-02-16,0,0
162412,2018-02-17,0,0
162412,2018-02-18,0,0
162412,2018-02-19,0,0
162412,2018-02-20,0,0
162412,2018-02-21,0,0
162412,2018-02-22,140,413.59
162412,2018-02-23,142,420.37
162412,2018-02-24,0,0
162412,2018-02-25,0,0
162412,2018-02-26,125,359.61
162412,2018-02-27,130,374.53
162412,2018-02-28,0,0.0
162412,2018-03-01,0,0.0
162412,2018-03-02,0,0.0
162412,2018-03-03,0,0
162412,2018-03-04,0,0
162412,2018-03-05,0,0.0
162412,2018-03-06,0,0.0
162412,2018-03-07,0,0.0
162412,2018-03-08,0,0.0
162412,2018-03-09,0,0.0
162412,2018-03-10,0,0
162412,2018-03-11,0,0
162412,2018-03-12,0,0.0
162412,2018-03-13,0,0.0
162412,2018-03-14,0,0.0
162412,2018-03-15,0,0.0
162412,2018-03-16,0,0.0
162412,2018-03-17,0,0
162412,2018-03-18,0,0
162412,2018-03-19,0,0.0
162412,2018-03-20,0,0.0
162412,2018-03-21,0,0.0
162412,2018-03-22,0,0.0
162412,2018-03-23,0,0.0
162412,2018-03-24,0,0
162412,2018-03-25,0,0
162412,2018-03-26,0,0.0
162412,2018-03-27,0,0.0
162412,2018-03-28,0,0.0
162412,2018-03-29,0,0.0
162412,2018-03-30,0,0.0
162412,2018-03-31,0,0
162412,2018-04-01,0,0
162412,2018-04-02,0,0.0
162412,2018-04-03,0,0.0
162412,2018-04-04,0,0.0
162412,2018-04-05,0,0
162412,2018-04-06,0,0
162412,2018-04-07,0,0
162412,2018-04-08,0,0
162412,2018-04-09,0,0.0
162412,2018-04-10,0,0.0
162412,2018-04-11,0,0.0
162412,2018-04-12,0,0.0
162412,2018-04-13,0,0.0
162412,2018-04-14,0,0
162412,2018-04-15,0,0
162412,2018-04-16,0,0.0
162412,2018-04-17,0,0.0
162412,2018-04-18,0,0.0
162412,2018-04-19,0,0.0
162412,2018-04-20,0,0.0
162412,2018-04-21,0,0
162412,2018-04-22,0,0
162412,2018-04-23,0,0.0
162412,2018-04-24,0,0.0
162412,2018-04-25,0,0.0
162412,2018-04-26,0,0.0
162412,2018-04-27,0,0.0
162412,2018-04-28,0,0
162412,2018-04-29,0,0
162412,2018-04-30,0,0
162412,2018-05-01,0,0
162412,2018-05-02,0,0.0
162412,2018-05-03,0,0.0
162412,2018-05-04,0,0.0
162412,2018-05-05,0,0
162412,2018-05-06,0,0
162412,2018-05-07,0,0.0
162412,2018-05-08,0,0.0
162412,2018-05-09,0,0.0
162412,2018-05-10,0,0.0
162412,2018-05-11,0,0.0
162412,2018-05-12,0,0
162412,2018-05-13,0,0
162412,2018-05-14,0,0.0
162412,2018-05-15,0,0.0
162412,2018-05-16,0,0.0
162412,2018-05-17,0,0.0
162412,2018-05-18,0,0.0
162412,2018-05-19,0,0
162412,2018-05-20,0,0
162412,2018-05-21,0,0.0
162412,2018-05-22,0,0.0
162412,2018-05-23,0,0.0
162412,2018-05-24,0,0.0
162412,2018-05-25,0,0.0
162412,2018-05-26,0,0
162412,2018-05-27,0,0
162412,2018-05-28,0,0.0
162412,2018-05-29,0,0.0
162412,2018-05-30,0,0.0
162412,2018-05-31,0,0.0
162412,2018-06-01,0,0.0
162412,2018-06-02,0,0
162412,2018-06-03,0,0
162412,2018-06-04,0,0.0
162412,2018-06-05,0,0.0
162412,2018-06-06,0,0.0
162412,2018-06-07,0,0.0
162412,2018-06-08,0,0.0
162412,2018-06-09,0,0
162412,2018-06-10,0,0
162412,2018-06-11,0,0.0
162412,2018-06-12,0,0.0
162412,2018-06-13,0,0.0
162412,2018-06-14,0,0.0
162412,2018-06-15,0,0.0
162412,2018-06-16,0,0
162412,2018-06-17,0,0
162412,2018-06-18,0,0
162412,2018-06-19,0,0.0
162412,2018-06-20,0,0.0
162412,2018-06-21,0,0.0
162412,2018-06-22,0,0.0
162412,2018-06-23,0,0
162412,2018-06-24,0,0
162412,2018-06-25,0,0.0
162412,2018-06-26,0,0.0
162412,2018-06-27,0,0.0
162412,2018-06-28,0,0.0
162412,2018-06-29,0,0.0
162412,2018-06-30,0,0.0
162412,2018-07-01,0,0
162412,2018-07-02,0,0.0
162412,2018-07-03,0,0.0
162412,2018-07-04,0,0.0
162412,2018-07-05,0,0.0
162412,2018-07-06,0,0.0
162412,2018-07-07,0,0
162412,2018-07-08,0,0
162412,2018-07-09,0,0.0
162412,2018-07-10,0,0.0
162412,2018-07-11,0,0.0
162412,2018-07-12,0,0.0
162412,2018-07-13,0,0.0
162412,2018-07-14,0,0
162412,2018-07-15,0,0
162412,2018-07-16,0,0.0
162412,2018-07-17,0,0.0
162412,2018-07-18,0,0.0
162412,2018-07-19,0,0.0
162412,2018-07-20,0,0.0
162412,2018-07-21,0,0
162412,2018-07-22,0,0
162412,2018-07-23,0,0.0
162412,2018-07-24,0,0.0
162412,2018-07-25,0,0.0
162412,2018-07-26,0,0.0
162412,2018-07-27,0,0.0
162412,2018-07-28,0,0
162412,2018-07-29,0,0
162412,2018-07-30,0,0.0
162412,2018-07-31,0,0.0
162412,2018-08-01,119,322.14
162412,2018-08-02,133,363.39
162412,2018-08-03,165,465.84
162412,2018-08-04,0,0
162412,2018-08-05,0,0
162412,2018-08-06,196,567.62
162412,2018-08-07,169,477.54
162412,2018-08-08,197,570.35
162412,2018-08-09,162,454.04
162412,2018-08-10,148,408.95
162412,2018-08-11,0,0
162412,2018-08-12,0,0
162412,2018-08-13,138,376.53
162412,2018-08-14,139,379.78
162412,2018-08-15,167,469.63
162412,2018-08-16,170,479.68
162412,2018-08-17,218,638.55
162412,2018-08-18,0,0
162412,2018-08-19,0,0
162412,2018-08-20,230,680.27
162412,2018-08-21,181,514.79
162412,2018-08-22,190,544.57
162412,2018-08-23,176,498.02
162412,2018-08-24,261,739.38
162412,2018-08-25,0,0
162412,2018-08-26,0,0
162412,2018-08-27,206,559.33
162412,2018-08-28,209,568.09
162412,2018-08-29,214,583.42
162412,2018-08-30,236,653.02
162412,2018-08-31,263,740.22
162412,2018-09-01,0,0
162412,2018-09-02,0,0
162412,2018-09-03,252,703.52
162412,2018-09-04,231,635.49
162412,2018-09-05,252,703.32
162412,2018-09-06,266,748.24
162412,2018-09-07,247,687.45
162412,2018-09-08,0,0
162412,2018-09-09,0,0
162412,2018-09-10,275,779.26
162412,2018-09-11,263,739.6
162412,2018-09-12,297,851.49
162412,2018-09-13,316,914.35
162412,2018-09-14,347,1019.69
162412,2018-09-15,0,0
162412,2018-09-16,0,0
162412,2018-09-17,373,1108.14
162412,2018-09-18,324,941.59
162412,2018-09-19,302,868.07
162412,2018-09-20,311,898.07
162412,2018-09-21,273,771.62
162412,2018-09-22,0,0
162412,2018-09-23,0,0
162412,2018-09-24,0,0
162412,2018-09-25,277,784.7
162412,2018-09-26,252,703.91
162412,2018-09-27,256,717.29
162412,2018-09-28,245,681.5
162412,2018-09-29,0,0
162412,2018-09-30,0,0
162412,2018-10-01,0,0
162412,2018-10-02,0,0
162412,2018-10-03,0,0
162412,2018-10-04,0,0
162412,2018-10-05,0,0
162412,2018-10-06,0,0
162412,2018-10-07,0,0
162412,2018-10-08,313,906.46
162412,2018-10-09,320,930.5
162412,2018-10-10,347,1022.09
162412,2018-10-11,484,1507.32
162412,2018-10-12,457,1412.67
162412,2018-10-13,0,0
162412,2018-10-14,0,0
162412,2018-10-15,503,1580.27
162412,2018-10-16,590,1900.77
162412,2018-10-17,561,1791.76
162412,2018-10-18,725,2411.84
162412,2018-10-19,569,1820.22
162412,2018-10-20,0,0
162412,2018-10-21,0,0
162412,2018-10-22,412,1249.24
162412,2018-10-23,481,1494.72
162412,2018-10-24,521,1638.88
162412,2018-10-25,494,1564.28
162412,2018-10-26,526,1681.59
162412,2018-10-27,0,0
162412,2018-10-28,0,0
162412,2018-10-29,620,2027.47
162412,2018-10-30,582,1879.84
162412,2018-10-31,519,1638.77
162412,2018-11-01,487,1522.83
162412,2018-11-02,362,1079.95
162412,2018-11-03,0,0
162412,2018-11-04,0,0
162412,2018-11-05,369,1103.47
162412,2018-11-06,368,1100.48
162412,2018-11-07,373,1118.44
162412,2018-11-08,372,1115.44
162412,2018-11-09,374,1122.79
162412,2018-11-10,0,0
162412,2018-11-11,0,0
162412,2018-11-12,315,918.64
162412,2018-11-13,285,818.03
162412,2018-11-14,300,868.56
162412,2018-11-15,278,795.19
162412,2018-11-16,288,828.3
162412,2018-11-17,0,0
162412,2018-11-18,0,0
162412,2018-11-19,289,831.89
162412,2018-11-20,331,974.68
162412,2018-11-21,319,934.94
162412,2018-11-22,312,910.95
162412,2018-11-23,379,1142.6
162412,2018-11-24,0,0
162412,2018-11-25,0,0
162412,2018-11-26,375,1128.84
162412,2018-11-27,354,1056.09
162412,2018-11-28,342,1013.63
162412,2018-11-29,371,1115.79
162412,2018-11-30,353,1053.42
162412,2018-12-01,0,0
162412,2018-12-02,0,0
162412,2018-12-03,286,824.45
162412,2018-12-04,258,731.71
162412,2018-12-05,258,731.71
162412,2018-12-06,319,936.58
162412,2018-12-07,364,1090.15
162412,2018-12-08,0,0
162412,2018-12-09,0,0
162412,2018-12-10,391,1184.49
162412,2018-12-11,359,1073.24
162412,2018-12-12,370,1112.11
162412,2018-12-13,353,1052.79
162412,2018-12-14,434,1339.09
162412,2018-12-15,0,0
162412,2018-12-16,0,0
162412,2018-12-17,521,1626.6
162412,2018-12-18,541,1699.12
162412,2018-12-19,651,2107.48
162412,2018-12-20,665,2160.49
162412,2018-12-21,710,2332.46
162412,2018-12-22,0,0
162412,2018-12-23,0,0
162412,2018-12-24,639,2064.62
162412,2018-12-25,635,2050.37
162412,2018-12-26,654,2122.0
162412,2018-12-27,680,2221.5
162412,2018-12-28,642,2078.34
162412,2018-12-29,0,0
162412,2018-12-30,0,0
162412,2018-12-31,642,2079.02
162412,2019-01-01,0,0
162412,2019-01-02,778,2599.4
162412,2019-01-03,821,2769.91
162412,2019-01-04,709,2336.85
162412,2019-01-05,0,0
162412,2019-01-06,0,0
162412,2019-01-07,684,2241.89
162412,2019-01-08,704,2318.08
162412,2019-01-09,688,2258.7
162412,2019-01-10,741,2465.07
162412,2019-01-11,759,2536.76
162412,2019-01-12,0,0
162412,2019-01-13,0,0
162412,2019-01-14,795,2678.57
162412,2019-01-15,721,2391.38
162412,2019-01-16,658,2153.14
162412,2019-01-17,673,2210.91
162412,2019-01-18,598,1927.17
162412,2019-01-19,0,0
162412,2019-01-20,0,0
162412,2019-01-21,554,1764.33
162412,2019-01-22,616,1997.41
162412,2019-01-23,623,2024.04
162412,2019-01-24,611,1979.27
162412,2019-01-25,593,1912.29
162412,2019-01-26,0,0
162412,2019-01-27,0,0
162412,2019-01-28,622,2023.42
162412,2019-01-29,636,2077.07
162412,2019-01-30,672,2214.9
162412,2019-01-31,683,2255.61
162412,2019-02-01,559,1789.37
162412,2019-02-02,0,0
162412,2019-02-03,0,0
162412,2019-02-04,0,0
162412,2019-02-05,0,0
162412,2019-02-06,0,0
162412,2019-02-07,0,0
162412,2019-02-08,0,0
162412,2019-02-09,0,0
162412,2019-02-10,0,0
162412,2019-02-11,478,1490.02
162412,2019-02-12,440,1353.01
162412,2019-02-13,410,1246.58
162412,2019-02-14,400,1211.39
162412,2019-02-15,421,1286.28
162412,2019-02-16,0,0
162412,2019-02-17,0,0
162412,2019-02-18,329,965.94
162412,2019-02-19,338,996.46
162412,2019-02-20,355,1055.29
162412,2019-02-21,351,1045.89
162412,2019-02-22,321,942.73
162412,2019-02-23,0,0
162412,2019-02-24,0,0
162412,2019-02-25,249,701.8
162412,2019-02-26,244,681.56
162412,2019-02-27,265,749.65
162412,2019-02-28,0,0.0
162412,2019-03-01,0,0.0
162412,2019-03-02,0,0
162412,2019-03-03,0,0
162412,2019-03-04,0,0.0
162412,2019-03-05,0,0.0
162412,2019-03-06,0,0.0
162412,2019-03-07,0,0.0
162412,2019-03-08,0,0.0
162412,2019-03-09,0,0
162412,2019-03-10,0,0
162412,2019-03-11,0,0.0
162412,2019-03-12,0,0.0
162412,2019-03-13,0,0.0
162412,2019-03-14,0,0.0
162412,2019-03-15,0,0.0
162412,2019-03-16,0,0
162412,2019-03-17,0,0
162412,2019-03-18,0,0.0
162412,2019-03-19,0,0.0
162412,2019-03-20,0,0.0
162412,2019-03-21,0,0.0
162412,2019-03-22,0,0.0
162412,2019-03-23,0,0
162412,2019-03-24,0,0
162412,2019-03-25,0,0.0
162412,2019-03-26,0,0.0
162412,2019-03-27,0,0.0
162412,2019-03-28,0,0.0
162412,2019-03-29,0,0.0
162412,2019-03-30,0,0
162412,2019-03-31,0,0
162412,2019-04-01,0,0.0
162412,2019-04-02,0,0.0
162412,2019-04-03,0,0.0
162412,2019-04-04,0,0.0
162412,2019-04-05,0,0
162412,2019-04-06,0,0
162412,2019-04-07,0,0
162412,2019-04-08,0,0.0
162412,2019-04-09,0,0.0
162412,2019-04-10,0,0.0
162412,2019-04-11,0,0.0
162412,2019-04-12,0,0.0
162412,2019-04-13,0,0
162412,2019-04-14,0,0
162412,2019-04-15,0,0.0
162412,2019-04-16,0,0.0
162412,2019-04-17,0,0.0
162412,2019-04-18,0,0.0
162412,2019-04-19,0,0.0
162412,2019-04-20,0,0
162412,2019-04-21,0,0
162412,2019-04-22,0,0.0
162412,2019-04-23,0,0.0
162412,2019-04-24,0,0.0
162412,2019-04-25,0,0.0
162412,2019-04-26,0,0.0
162412,2019-04-27,0,0
162412,2019-04-28,0,0
162412,2019-04-29,0,0.0
162412,2019-04-30,0,0.0
162412,2019-05-01,0,0
162412,2019-05-02,0,0
162412,2019-05-03,0,0
162412,2019-05-04,0,0
162412,2019-05-05,0,0
162412,2019-05-06,0,0.0
162412,2019-05-07,0,0.0
162412,2019-05-08,0,0.0
162412,2019-05-09,0,0.0
162412,2019-05-10,0,0.0
162412,2019-05-11,0,0
162412,2019-05-12,0,0
162412,2019-05-13,0,0.0
162412,2019-05-14,0,0.0
162412,2019-05-15,0,0.0
162412,2019-05-16,0,0.0
162412,2019-05-17,0,0.0
162412,2019-05-18,0,0
162412,2019-05-19,0,0
162412,2019-05-20,0,0.0
162412,2019-05-21,0,0.0
162412,2019-05-22,0,0.0
162412,2019-05-23,0,0.0
162412,2019-05-24,0,0.0
162412,2019-05-25,0,0
162412,2019-05-26,0,0
162412,2019-05-27,0,0.0
162412,2019-05-28,0,0.0
162412,2019-05-29,0,0.0
162412,2019-05-30,0,0.0
162412,2019-05-31,0,0.0
162412,2019-06-01,0,0
162412,2019-06-02,0,0
162412,2019-06-03,0,0.0
162412,2019-06-04,0,0.0
162412,2019-06-05,278,788.65
162412,2019-06-06,302,869.06
162412,2019-06-07,0,0
162412,2019-06-08,0,0
162412,2019-06-09,0,0
162412,2019-06-10,279,793.52
162412,2019-06-11,0,0.0
162412,2019-06-12,0,0.0
162412,2019-06-13,0,0.0
162412,2019-06-14,0,0.0
162412,2019-06-15,0,0
162412,2019-06-16,0,0
162412,2019-06-17,0,0.0
162412,2019-06-18,0,0.0
162412,2019-06-19,0,0.0
162412,2019-06-20,0,0.0
162412,2019-06-21,0,0.0
162412,2019-06-22,0,0
162412,2019-06-23,0,0
162412,2019-06-24,0,0.0
162412,2019-06-25,0,0.0
162412,2019-06-26,0,0.0
162412,2019-06-27,0,0.0
162412,2019-06-28,0,0.0
162412,2019-06-29,0,0
162412,2019-06-30,0,0.0
162412,2019-07-01,0,0.0
162412,2019-07-02,0,0.0
162412,2019-07-03,0,0.0
162412,2019-07-04,0,0.0
162412,2019-07-05,0,0.0
162412,2019-07-06,0,0
162412,2019-07-07,0,0
162412,2019-07-08,0,0.0
162412,2019-07-09,0,0.0
162412,2019-07-10,0,0.0
162412,2019-07-11,0,0.0
162412,2019-07-12,0,0.0
162412,2019-07-13,0,0
162412,2019-07-14,0,0
162412,2019-07-15,0,0.0
162412,2019-07-16,0,0.0
162412,2019-07-17,0,0.0
162412,2019-07-18,0,0.0
162412,2019-07-19,0,0.0
162412,2019-07-20,0,0
162412,2019-07-21,0,0
162412,2019-07-22,0,0.0
162412,2019-07-23,0,0.0
162412,2019-07-24,0,0.0
162412,2019-07-25,0,0.0
162412,2019-07-26,0,0.0
162412,2019-07-27,0,0
162412,2019-07-28,0,0
162412,2019-07-29,0,0.0
162412,2019-07-30,0,0.0
162412,2019-07-31,0,0.0
162412,2019-08-01,0,0.0
162412,2019-08-02,0,0.0
162412,2019-08-03,0,0
162412,2019-08-04,0,0
162412,2019-08-05,0,0.0
162412,2019-08-06,0,0.0
162412,2019-08-07,0,0.0
162412,2019-08-08,0,0.0
162412,2019-08-09,0,0.0
162412,2019-08-10,0,0
162412,2019-08-11,0,0
162412,2019-08-12,0,0.0
162412,2019-08-13,0,0.0
162412,2019-08-14,0,0.0
162412,2019-08-15,0,0.0
162412,2019-08-16,0,0.0
162412,2019-08-17,0,0
162412,2019-08-18,0,0
162412,2019-08-19,0,0.0
162412,2019-08-20,0,0.0
162412,2019-08-21,0,0.0
162412,2019-08-22,0,0.0
162412,2019-08-23,0,0.0
162412,2019-08-24,0,0
162412,2019-08-25,0,0
162412,2019-08-26,0,0.0
162412,2019-08-27,0,0.0
162412,2019-08-28,0,0.0
162412,2019-08-29,0,0.0
162412,2019-08-30,0,0.0
162412,2019-08-31,0,0
162412,2019-09-01,0,0
162412,2019-09-02,0,0.0
162412,2019-09-03,0,0.0
162412,2019-09-04,0,0.0
162412,2019-09-05,0,0.0
162412,2019-09-06,0,0.0
162412,2019-09-07,0,0
162412,2019-09-08,0,0
162412,2019-09-09,0,0.0
162412,2019-09-10,0,0.0
162412,2019-09-11,0,0.0
162412,2019-09-12,0,0.0
162412,2019-09-13,0,0
162412,2019-09-14,0,0
162412,2019-09-15,0,0
162412,2019-09-16,0,0.0
162412,2019-09-17,0,0.0
162412,2019-09-18,0,0.0
162412,2019-09-19,0,0.0
162412,2019-09-20,0,0.0
162412,2019-09-21,0,0
162412,2019-09-22,0,0
162412,2019-09-23,0,0.0
162412,2019-09-24,0,0.0
162412,2019-09-25,0,0.0
162412,2019-09-26,0,0.0
162412,2019-09-27,0,0.0
162412,2019-09-28,0,0
162412,2019-09-29,0,0
162412,2019-09-30,0,0.0
162412,2019-10-01,0,0
162412,2019-10-02,0,0
162412,2019-10-03,0,0
162412,2019-10-04,0,0
162412,2019-10-05,0,0
162412,2019-10-06,0,0
162412,2019-10-07,0,0
162412,2019-10-08,0,0.0
162412,2019-10-09,0,0.0
162412,2019-10-10,0,0.0
162412,2019-10-11,0,0.0
162412,2019-10-12,0,0
162412,2019-10-13,0,0
162412,2019-10-14,0,0.0
162412,2019-10-15,0,0.0
162412,2019-10-16,0,0.0
162412,2019-10-17,0,0.0
162412,2019-10-18,0,0.0
162412,2019-10-19,0,0
162412,2019-10-20,0,0
162412,2019-10-21,0,0.0
162412,2019-10-22,0,0.0
162412,2019-10-23,0,0.0
162412,2019-10-24,0,0.0
162412,2019-10-25,0,0.0
162412,2019-10-26,0,0
162412,2019-10-27,0,0
162412,2019-10-28,0,0.0
162412,2019-10-29,0,0.0
162412,2019-10-30,0,0.0
162412,2019-10-31,0,0.0
162412,2019-11-01,0,0.0
162412,2019-11-02,0,0
162412,2019-11-03,0,0
162412,2019-11-04,0,0.0
162412,2019-11-05,0,0.0
162412,2019-11-06,0,0.0
162412,2019-11-07,0,0.0
162412,2019-11-08,0,0.0
162412,2019-11-09,0,0
162412,2019-11-10,0,0
162412,2019-11-11,0,0.0
162412,2019-11-12,0,0.0
162412,2019-11-13,0,0.0
162412,2019-11-14,0,0.0
162412,2019-11-15,0,0.0
162412,2019-11-16,0,0
162412,2019-11-17,0,0
162412,2019-11-18,0,0.0
162412,2019-11-19,0,0.0
162412,2019-11-20,0,0.0
162412,2019-11-21,0,0.0
162412,2019-11-22,0,0.0
162412,2019-11-23,0,0
162412,2019-11-24,0,0
162412,2019-11-25,0,0.0
162412,2019-11-26,0,0.0
162412,2019-11-27,0,0.0
162412,2019-11-28,0,0.0
162412,2019-11-29,0,0.0
162412,2019-11-30,0,0
162412,2019-12-01,0,0
162412,2019-12-02,0,0.0
162412,2019-12-03,0,0.0
162412,2019-12-04,0,0.0
162412,2019-12-05,0,0.0
162412,2019-12-06,0,0.0
162412,2019-12-07,0,0
162412,2019-12-08,0,0
162412,2019-12-09,0,0.0
162412,2019-12-10,0,0.0
162412,2019-12-11,0,0.0
162412,2019-12-12,0,0.0
162412,2019-12-13,0,0.0
162412,2019-12-14,0,0
162412,2019-12-15,0,0
162412,2019-12-16,0,0.0
162412,2019-12-17,0,0.0
162412,2019-12-18,0,0.0
162412,2019-12-19,0,0.0
162412,2019-12-20,0,0.0
162412,2019-12-21,0,0
162412,2019-12-22,0,0
162412,2019-12-23,0,0.0
162412,2019-12-24,0,0.0
162412,2019-12-25,0,0.0
162412,2019-12-26,0,0.0
162412,2019-12-27,0,0.0
162412,2019-12-28,0,0
162412,2019-12-29,0,0
162412,2019-12-30,0,0.0
162412,2019-12-31,0,0.0
162412,2020-01-01,0,0
162412,2020-01-02,0,0.0
162412,2020-01-03,0,0.0
162412,2020-01-04,0,0
162412,2020-01-05,0,0
162412,2020-01-06,0,0.0
162412,2020-01-07,0,0.0
162412,2020-01-08,0,0.0
162412,2020-01-09,0,0.0
162412,2020-01-10,0,0.0
162412,2020-01-11,0,0
162412,2020-01-12,0,0
162412,2020-01-13,0,0.0
162412,2020-01-14,0,0.0
162412,2020-01-15,0,0.0
162412,2020-01-16,0,0.0
162412,2020-01-17,0,0.0
162412,2020-01-18,0,0
162412,2020-01-19,0,0
162412,2020-01-20,0,0.0
162412,2020-01-21,0,0.0
162412,2020-01-22,0,0.0
162412,2020-01-23,0,0.0
162412,2020-01-24,0,0
162412,2020-01-25,0,0
162412,2020-01-26,0,0
162412,2020-01-27,0,0
162412,2020-01-28,0,0
162412,2020-01-29,0,0
162412,2020-01-30,0,0
162412,2020-01-31,0,0
162412,2020-02-01,0,0
162412,2020-02-02,0,0
162412,2020-02-03,0,0.0
162412,2020-02-04,0,0.0
162412,2020-02-05,0,0.0
162412,2020-02-06,0,0.0
162412,2020-02-07,0,0.0
162412,2020-02-08,0,0
162412,2020-02-09,0,0
162412,2020-02-10,0,0.0
162412,2020-02-11,0,0.0
162412,2020-02-12,0,0.0
162412,2020-02-13,0,0.0
162412,2020-02-14,0,0.0
162412,2020-02-15,0,0
162412,2020-02-16,0,0
162412,2020-02-17,0,0.0
162412,2020-02-18,0,0.0
162412,2020-02-19,0,0.0
162412,2020-02-20,0,0.0
162412,2020-02-21,0,0.0
162412,2020-02-22,0,0
162412,2020-02-23,0,0
162412,2020-02-24,0,0.0
162412,2020-02-25,0,0.0
162412,2020-02-26,0,0.0
162412,2020-02-27,0,0.0
162412,2020-02-28,0,0.0
162412,2020-02-29,0,0
162412,2020-03-01,0,0
162412,2020-03-02,0,0.0
162412,2020-03-03,0,0.0
162412,2020-03-04,0,0.0
162412,2020-03-05,0,0.0
162412,2020-03-06,0,0.0
162412,2020-03-07,0,0
162412,2020-03-08,0,0
162412,2020-03-09,0,0.0
162412,2020-03-10,0,0.0
162412,2020-03-11,0,0.0
162412,2020-03-12,0,0.0
162412,2020-03-13,0,0.0
162412,2020-03-14,0,0
162412,2020-03-15,0,0
162412,2020-03-16,0,0.0
162412,2020-03-17,0,0.0
162412,2020-03-18,0,0.0
162412,2020-03-19,0,0.0
162412,2020-03-20,0,0.0
162412,2020-03-21,0,0
162412,2020-03-22,0,0
162412,2020-03-23,0,0.0
162412,2020-03-24,0,0.0
162412,2020-03-25,0,0.0
162412,2020-03-26,0,0.0
162412,2020-03-27,0,0.0
162412,2020-03-28,0,0
162412,2020-03-29,0,0
162412,2020-03-30,0,0.0
162412,2020-03-31,0,0.0
162412,2020-04-01,0,0.0
162412,2020-04-02,0,0.0
162412,2020-04-03,0,0.0
162412,2020-04-04,0,0
162412,2020-04-05,0,0
162412,2020-04-06,0,0
162412,2020-04-07,0,0.0
162412,2020-04-08,0,0.0
162412,2020-04-09,0,0.0
162412,2020-04-10,0,0.0
162412,2020-04-11,0,0
162412,2020-04-12,0,0
162412,2020-04-13,0,0.0
162412,2020-04-14,0,0.0
162412,2020-04-15,0,0.0
162412,2020-04-16,0,0.0
162412,2020-04-17,0,0.0
162412,2020-04-18,0,0
162412,2020-04-19,0,0
162412,2020-04-20,0,0.0
162412,2020-04-21,0,0.0
162412,2020-04-22,0,0.0
162412,2020-04-23,0,0.0
162412,2020-04-24,0,0.0
162412,2020-04-25,0,0
162412,2020-04-26,0,0
162412,2020-04-27,0,0.0
162412,2020-04-28,0,0.0
162412,2020-04-29,0,0.0
162412,2020-04-30,0,0.0
162412,2020-05-01,0,0
162412,2020-05-02,0,0
162412,2020-05-03,0,0
162412,2020-05-04,0,0
162412,2020-05-05,0,0
162412,2020-05-06,0,0.0
162412,2020-05-07,0,0.0
162412,2020-05-08,0,0.0
162412,2020-05-09,0,0
162412,2020-05-10,0,0
162412,2020-05-11,0,0.0
162412,2020-05-12,0,0.0
162412,2020-05-13,0,0.0
162412,2020-05-14,0,0.0
162412,2020-05-15,0,0.0
162412,2020-05-16,0,0
162412,2020-05-17,0,0
162412,2020-05-18,0,0.0
162412,2020-05-19,0,0.0
162412,2020-05-20,0,0.0
162412,2020-05-21,0,0.0
162412,2020-05-22,0,0.0
162412,2020-05-23,0,0
162412,2020-05-24,0,0
162412,2020-05-25,0,0.0
162412,2020-05-26,0,0.0
162412,2020-05-27,0,0.0
162412,2020-05-28,0,0.0
162412,2020-05-29,0,0.0
162412,2020-05-30,0,0
162412,2020-05-31,0,0
162412,2020-06-01,0,0.0
162412,2020-06-02,0,0.0
162412,2020-06-03,0,0.0
162412,2020-06-04,0,0.0
162412,2020-06-05,0,0.0
162412,2020-06-06,0,0
162412,2020-06-07,0,0
162412,2020-06-08,0,0.0
162412,2020-06-09,0,0.0
162412,2020-06-10,0,0.0
162412,2020-06-11,0,0.0
162412,2020-06-12,0,0.0
162412,2020-06-13,0,0
162412,2020-06-14,0,0
162412,2020-06-15,0,0.0
162412,2020-06-16,0,0.0
162412,2020-06-17,0,0.0
162412,2020-06-18,0,0.0
162412,2020-06-19,0,0.0
162412,2020-06-20,0,0
162412,2020-06-21,0,0
162412,2020-06-22,0,0.0
162412,2020-06-23,0,0.0
162412,2020-06-24,0,0.0
162412,2020-06-25,0,0
162412,2020-06-26,0,0
162412,2020-06-27,0,0
162412,2020-06-28,0,0
162412,2020-06-29,0,0.0
162412,2020-06-30,0,0.0
162412,2020-07-01,0,0.0
162412,2020-07-02,0,0.0
162412,2020-07-03,0,0.0
162412,2020-07-04,0,0
162412,2020-07-05,0,0
162412,2020-07-06,0,0.0
162412,2020-07-07,0,0.0
162412,2020-07-08,0,0.0
162412,2020-07-09,0,0.0
162412,2020-07-10,0,0.0
162412,2020-07-11,0,0
162412,2020-07-12,0,0
162412,2020-07-13,0,0.0
162412,2020-07-14,0,0.0
162412,2020-07-15,0,0.0
162412,2020-07-16,0,0.0
162412,2020-07-17,0,0.0
162412,2020-07-18,0,0
162412,2020-07-19,0,0
162412,2020-07-20,0,0.0
162412,2020-07-21,0,0.0
162412,2020-07-22,0,0.0
162412,2020-07-23,0,0.0
162412,2020-07-24,0,0.0
162412,2020-07-25,0,0
162412,2020-07-26,0,0
162412,2020-07-27,0,0.0
162412,2020-07-28,0,0.0
162412,2020-07-29,0,0.0
162412,2020-07-30,0,0.0
162412,2020-07-31,0,0.0
162412,2020-08-01,0,0
162412,2020-08-02,0,0
162412,2020-08-03,0,0.0
162412,2020-08-04,0,0.0
162412,2020-08-05,0,0.0
162412,2020-08-06,0,0.0
162412,2020-08-07,0,0.0
162412,2020-08-08,0,0
162412,2020-08-09,0,0
162412,2020-08-10,0,0.0
162412,2020-08-11,0,0.0
162412,2020-08-12,0,0.0
162412,2020-08-13,0,0.0
162412,2020-08-14,0,0.0
162412,2020-08-15,0,0
162412,2020-08-16,0,0
162412,2020-08-17,0,0.0
162412,2020-08-18,0,0.0
162412,2020-08-19,0,0.0
162412,2020-08-20,0,0.0
162412,2020-08-21,0,0.0
162412,2020-08-22,0,0
162412,2020-08-23,0,0
162412,2020-08-24,0,0.0
162412,2020-08-25,0,0.0
162412,2020-08-26,0,0.0
162412,2020-08-27,0,0.0
162412,2020-08-28,0,0.0
162412,2020-08-29,0,0
162412,2020-08-30,0,0
162412,2020-08-31,0,0.0
162412,2020-09-01,0,0.0
162412,2020-09-02,0,0.0
162412,2020-09-03,0,0.0
162412,2020-09-04,0,0.0
162412,2020-09-05,0,0
162412,2020-09-06,0,0
162412,2020-09-07,0,0.0
162412,2020-09-08,0,0.0
162412,2020-09-09,0,0.0
162412,2020-09-10,0,0.0
162412,2020-09-11,0,0.0
162412,2020-09-12,0,0
162412,2020-09-13,0,0
162412,2020-09-14,0,0.0
162412,2020-09-15,0,0.0
162412,2020-09-16,0,0.0
162412,2020-09-17,0,0.0
162412,2020-09-18,0,0.0
162412,2020-09-19,0,0
162412,2020-09-20,0,0
162412,2020-09-21,0,0.0
162412,2020-09-22,0,0.0
162412,2020-09-23,0,0.0
162412,2020-09-24,0,0.0
162412,2020-09-25,0,0.0
162412,2020-09-26,0,0
162412,2020-09-27,0,0
162412,2020-09-28,0,0.0
162412,2020-09-29,0,0.0
162412,2020-09-30,0,0.0
162412,2020-10-01,0,0
162412,2020-10-02,0,0
162412,2020-10-03,0,0
162412,2020-10-04,0,0
162412,2020-10-05,0,0
162412,2020-10-06,0,0
162412,2020-10-07,0,0
162412,2020-10-08,0,0
162412,2020-10-09,0,0.0
162412,2020-10-10,0,0
162412,2020-10-11,0,0
162412,2020-10-12,0,0.0
162412,2020-10-13,0,0.0
162412,2020-10-14,0,0.0
162412,2020-10-15,0,0.0
162412,2020-10-16,0,0.0
162412,2020-10-17,0,0
162412,2020-10-18,0,0
162412,2020-10-19,0,0.0
162412,2020-10-20,0,0.0
162412,2020-10-21,0,0.0
162412,2020-10-22,0,0.0
162412,2020-10-23,0,0.0
162412,2020-10-24,0,0
162412,2020-10-25,0,0
162412,2020-10-26,0,0.0
162412,2020-10-27,0,0.0
162412,2020-10-28,0,0.0
162412,2020-10-29,0,0.0
162412,2020-10-30,0,0.0
162412,2020-10-31,0,0
162412,2020-11-01,0,0
162412,2020-11-02,0,0.0
162412,2020-11-03,0,0.0
162412,2020-11-04,0,0.0
162412,2020-11-05,0,0.0
162412,2020-11-06,0,0.0
162412,2020-11-07,0,0
162412,2020-11-08,0,0
162412,2020-11-09,0,0.0
162412,2020-11-10,0,0.0
162412,2020-11-11,0,0.0
162412,2020-11-12,0,0.0
162412,2020-11-13,0,0.0
162412,2020-11-14,0,0
162412,2020-11-15,0,0
162412,2020-11-16,0,0.0
162412,2020-11-17,0,0.0
162412,2020-11-18,0,0.0
162412,2020-11-19,0,0.0
162412,2020-11-20,0,0.0
162412,2020-11-21,0,0
162412,2020-11-22,0,0
162412,2020-11-23,0,0.0
162412,2020-11-24,0,0.0
162412,2020-11-25,0,0.0
162412,2020-11-26,0,0.0
162412,2020-11-27,0,0.0
162412,2020-11-28,0,0
162412,2020-11-29,0,0
162412,2020-11-30,0,0.0
162412,2020-12-01,0,0.0
162412,2020-12-02,0,0.0
162412,2020-12-03,0,0.0
162412,2020-12-04,0,0.0
162412,2020-12-05,0,0
162412,2020-12-06,0,0
162412,2020-12-07,0,0.0
162412,2020-12-08,0,0.0
162412,2020-12-09,0,0.0
162412,2020-12-10,0,0.0
162412,2020-12-11,0,0.0
162412,2020-12-12,0,0
162412,2020-12-13,0,0
162412,2020-12-14,0,0.0
162412,2020-12-15,0,0.0
162412,2020-12-16,0,0.0
162412,2020-12-17,0,0.0
162412,2020-12-18,0,0.0
162412,2020-12-19,0,0
162412,2020-12-20,0,0
162412,2020-12-21,0,0.0
