001594,2015-12-23,0,0.0
001594,2015-12-24,0,0.0
001594,2015-12-25,0,0.0
001594,2015-12-26,0,0
001594,2015-12-27,0,0
001594,2015-12-28,0,0.0
001594,2015-12-29,0,0.0
001594,2015-12-30,0,0.0
001594,2015-12-31,0,0.0
001594,2016-01-01,0,0
001594,2016-01-02,0,0
001594,2016-01-03,0,0
001594,2016-01-04,0,0.0
001594,2016-01-05,0,0.0
001594,2016-01-06,0,0.0
001594,2016-01-07,0,0.0
001594,2016-01-08,0,0.0
001594,2016-01-09,0,0
001594,2016-01-10,0,0
001594,2016-01-11,0,0.0
001594,2016-01-12,0,0.0
001594,2016-01-13,0,0.0
001594,2016-01-14,0,0.0
001594,2016-01-15,0,0.0
001594,2016-01-16,0,0
001594,2016-01-17,0,0
001594,2016-01-18,0,0.0
001594,2016-01-19,0,0.0
001594,2016-01-20,0,0.0
001594,2016-01-21,0,0.0
001594,2016-01-22,0,0.0
001594,2016-01-23,0,0
001594,2016-01-24,0,0
001594,2016-01-25,0,0.0
001594,2016-01-26,162,192.49
001594,2016-01-27,159,188.41
001594,2016-01-28,172,206.36
001594,2016-01-29,153,180.28
001594,2016-01-30,0,0
001594,2016-01-31,0,0
001594,2016-02-01,169,202.3
001594,2016-02-02,160,189.98
001594,2016-02-03,169,202.44
001594,2016-02-04,159,188.43
001594,2016-02-05,156,184.14
001594,2016-02-06,0,0
001594,2016-02-07,0,0
001594,2016-02-08,0,0
001594,2016-02-09,0,0
001594,2016-02-10,0,0
001594,2016-02-11,0,0
001594,2016-02-12,0,0
001594,2016-02-13,0,0
001594,2016-02-14,0,0
001594,2016-02-15,163,194.02
001594,2016-02-16,144,168.03
001594,2016-02-17,140,162.83
001594,2016-02-18,141,164.24
001594,2016-02-19,147,172.37
001594,2016-02-20,0,0
001594,2016-02-21,0,0
001594,2016-02-22,0,0.0
001594,2016-02-23,141,164.32
001594,2016-02-24,139,161.65
001594,2016-02-25,168,202.29
001594,2016-02-26,156,185.63
001594,2016-02-27,0,0
001594,2016-02-28,0,0
001594,2016-02-29,155,184.09
001594,2016-03-01,151,178.57
001594,2016-03-02,0,0.0
001594,2016-03-03,0,0.0
001594,2016-03-04,0,0.0
001594,2016-03-05,0,0
001594,2016-03-06,0,0
001594,2016-03-07,0,0.0
001594,2016-03-08,0,0.0
001594,2016-03-09,0,0.0
001594,2016-03-10,0,0.0
001594,2016-03-11,0,0.0
001594,2016-03-12,0,0
001594,2016-03-13,0,0
001594,2016-03-14,0,0.0
001594,2016-03-15,0,0.0
001594,2016-03-16,0,0.0
001594,2016-03-17,0,0.0
001594,2016-03-18,0,0.0
001594,2016-03-19,0,0
001594,2016-03-20,0,0
001594,2016-03-21,0,0.0
001594,2016-03-22,0,0.0
001594,2016-03-23,0,0.0
001594,2016-03-24,0,0.0
001594,2016-03-25,0,0.0
001594,2016-03-26,0,0
001594,2016-03-27,0,0
001594,2016-03-28,0,0.0
001594,2016-03-29,0,0.0
001594,2016-03-30,0,0.0
001594,2016-03-31,0,0.0
001594,2016-04-01,0,0.0
001594,2016-04-02,0,0
001594,2016-04-03,0,0
001594,2016-04-04,0,0
001594,2016-04-05,0,0.0
001594,2016-04-06,0,0.0
001594,2016-04-07,0,0.0
001594,2016-04-08,116,130.54
001594,2016-04-09,0,0
001594,2016-04-10,0,0
001594,2016-04-11,0,0.0
001594,2016-04-12,0,0.0
001594,2016-04-13,0,0.0
001594,2016-04-14,0,0.0
001594,2016-04-15,0,0.0
001594,2016-04-16,0,0
001594,2016-04-17,0,0
001594,2016-04-18,0,0.0
001594,2016-04-19,0,0.0
001594,2016-04-20,0,0.0
001594,2016-04-21,0,0.0
001594,2016-04-22,0,0.0
001594,2016-04-23,0,0
001594,2016-04-24,0,0
001594,2016-04-25,0,0.0
001594,2016-04-26,0,0.0
001594,2016-04-27,106,116.5
001594,2016-04-28,105,115.07
001594,2016-04-29,115,126.83
001594,2016-04-30,0,0
001594,2016-05-01,0,0
001594,2016-05-02,0,0
001594,2016-05-03,114,124.92
001594,2016-05-04,115,126.04
001594,2016-05-05,115,126.14
001594,2016-05-06,124,137.72
001594,2016-05-07,0,0
001594,2016-05-08,0,0
001594,2016-05-09,131,146.78
001594,2016-05-10,133,149.54
001594,2016-05-11,130,145.63
001594,2016-05-12,129,144.21
001594,2016-05-13,130,145.63
001594,2016-05-14,0,0
001594,2016-05-15,0,0
001594,2016-05-16,124,138.75
001594,2016-05-17,126,141.54
001594,2016-05-18,122,136.12
001594,2016-05-19,125,140.21
001594,2016-05-20,123,137.66
001594,2016-05-21,0,0
001594,2016-05-22,0,0
001594,2016-05-23,125,140.48
001594,2016-05-24,129,146.04
001594,2016-05-25,125,140.58
001594,2016-05-26,123,138.03
001594,2016-05-27,122,136.82
001594,2016-05-28,0,0
001594,2016-05-29,0,0
001594,2016-05-30,117,130.16
001594,2016-05-31,104,113.54
001594,2016-06-01,108,118.72
001594,2016-06-02,109,120.15
001594,2016-06-03,106,116.36
001594,2016-06-04,0,0
001594,2016-06-05,0,0
001594,2016-06-06,108,118.88
001594,2016-06-07,107,117.62
001594,2016-06-08,107,117.72
001594,2016-06-09,0,0
001594,2016-06-10,0,0
001594,2016-06-11,0,0
001594,2016-06-12,0,0
001594,2016-06-13,116,129.33
001594,2016-06-14,112,124.28
001594,2016-06-15,112,124.18
001594,2016-06-16,114,126.71
001594,2016-06-17,111,122.95
001594,2016-06-18,0,0
001594,2016-06-19,0,0
001594,2016-06-20,110,121.74
001594,2016-06-21,109,120.5
001594,2016-06-22,107,117.96
001594,2016-06-23,108,119.35
001594,2016-06-24,118,131.52
001594,2016-06-25,0,0
001594,2016-06-26,0,0
001594,2016-06-27,116,128.9
001594,2016-06-28,116,128.96
001594,2016-06-29,110,121.05
001594,2016-06-30,111,122.45
001594,2016-07-01,107,117.31
001594,2016-07-02,0,0
001594,2016-07-03,0,0
001594,2016-07-04,0,0.0
001594,2016-07-05,0,0.0
001594,2016-07-06,103,112.54
001594,2016-07-07,0,0.0
001594,2016-07-08,106,116.2
001594,2016-07-09,0,0
001594,2016-07-10,0,0
001594,2016-07-11,105,114.93
001594,2016-07-12,0,0.0
001594,2016-07-13,0,0.0
001594,2016-07-14,0,0.0
001594,2016-07-15,0,0.0
001594,2016-07-16,0,0
001594,2016-07-17,0,0
001594,2016-07-18,0,0.0
001594,2016-07-19,0,0.0
001594,2016-07-20,0,0.0
001594,2016-07-21,0,0.0
001594,2016-07-22,0,0.0
001594,2016-07-23,0,0
001594,2016-07-24,0,0
001594,2016-07-25,0,0.0
001594,2016-07-26,0,0.0
001594,2016-07-27,0,0.0
001594,2016-07-28,0,0.0
001594,2016-07-29,0,0.0
001594,2016-07-30,0,0
001594,2016-07-31,0,0
001594,2016-08-01,0,0.0
001594,2016-08-02,0,0.0
001594,2016-08-03,0,0.0
001594,2016-08-04,0,0.0
001594,2016-08-05,0,0.0
001594,2016-08-06,0,0
001594,2016-08-07,0,0
001594,2016-08-08,0,0.0
001594,2016-08-09,0,0.0
001594,2016-08-10,0,0.0
001594,2016-08-11,0,0.0
001594,2016-08-12,0,0.0
001594,2016-08-13,0,0
001594,2016-08-14,0,0
001594,2016-08-15,0,0.0
001594,2016-08-16,0,0.0
001594,2016-08-17,0,0.0
001594,2016-08-18,0,0.0
001594,2016-08-19,0,0.0
001594,2016-08-20,0,0
001594,2016-08-21,0,0
001594,2016-08-22,0,0.0
001594,2016-08-23,0,0.0
001594,2016-08-24,0,0.0
001594,2016-08-25,0,0.0
001594,2016-08-26,0,0.0
001594,2016-08-27,0,0
001594,2016-08-28,0,0
001594,2016-08-29,0,0.0
001594,2016-08-30,0,0.0
001594,2016-08-31,0,0.0
001594,2016-09-01,0,0.0
001594,2016-09-02,0,0.0
001594,2016-09-03,0,0
001594,2016-09-04,0,0
001594,2016-09-05,0,0.0
001594,2016-09-06,0,0.0
001594,2016-09-07,0,0.0
001594,2016-09-08,0,0.0
001594,2016-09-09,0,0.0
001594,2016-09-10,0,0
001594,2016-09-11,0,0
001594,2016-09-12,0,0.0
001594,2016-09-13,0,0.0
001594,2016-09-14,0,0.0
001594,2016-09-15,0,0
001594,2016-09-16,0,0
001594,2016-09-17,0,0
001594,2016-09-18,0,0
001594,2016-09-19,0,0.0
001594,2016-09-20,0,0.0
001594,2016-09-21,0,0.0
001594,2016-09-22,0,0.0
001594,2016-09-23,0,0.0
001594,2016-09-24,0,0
001594,2016-09-25,0,0
001594,2016-09-26,0,0.0
001594,2016-09-27,0,0.0
001594,2016-09-28,0,0.0
001594,2016-09-29,0,0.0
001594,2016-09-30,0,0.0
001594,2016-10-01,0,0
001594,2016-10-02,0,0
001594,2016-10-03,0,0
001594,2016-10-04,0,0
001594,2016-10-05,0,0
001594,2016-10-06,0,0
001594,2016-10-07,0,0
001594,2016-10-08,0,0
001594,2016-10-09,0,0
001594,2016-10-10,0,0.0
001594,2016-10-11,0,0.0
001594,2016-10-12,0,0.0
001594,2016-10-13,0,0.0
001594,2016-10-14,0,0.0
001594,2016-10-15,0,0
001594,2016-10-16,0,0
001594,2016-10-17,0,0.0
001594,2016-10-18,0,0.0
001594,2016-10-19,0,0.0
001594,2016-10-20,0,0.0
001594,2016-10-21,0,0.0
001594,2016-10-22,0,0
001594,2016-10-23,0,0
001594,2016-10-24,0,0.0
001594,2016-10-25,0,0.0
001594,2016-10-26,0,0.0
001594,2016-10-27,0,0.0
001594,2016-10-28,0,0.0
001594,2016-10-29,0,0
001594,2016-10-30,0,0
001594,2016-10-31,0,0.0
001594,2016-11-01,0,0.0
001594,2016-11-02,0,0.0
001594,2016-11-03,0,0.0
001594,2016-11-04,0,0.0
001594,2016-11-05,0,0
001594,2016-11-06,0,0
001594,2016-11-07,0,0.0
001594,2016-11-08,0,0.0
001594,2016-11-09,0,0.0
001594,2016-11-10,0,0.0
001594,2016-11-11,0,0.0
001594,2016-11-12,0,0
001594,2016-11-13,0,0
001594,2016-11-14,0,0.0
001594,2016-11-15,0,0.0
001594,2016-11-16,0,0.0
001594,2016-11-17,0,0.0
001594,2016-11-18,0,0.0
001594,2016-11-19,0,0
001594,2016-11-20,0,0
001594,2016-11-21,0,0.0
001594,2016-11-22,0,0.0
001594,2016-11-23,0,0.0
001594,2016-11-24,0,0.0
001594,2016-11-25,0,0.0
001594,2016-11-26,0,0
001594,2016-11-27,0,0
001594,2016-11-28,0,0.0
001594,2016-11-29,0,0.0
001594,2016-11-30,0,0.0
001594,2016-12-01,0,0.0
001594,2016-12-02,0,0.0
001594,2016-12-03,0,0
001594,2016-12-04,0,0
001594,2016-12-05,0,0.0
001594,2016-12-06,0,0.0
001594,2016-12-07,0,0.0
001594,2016-12-08,0,0.0
001594,2016-12-09,0,0.0
001594,2016-12-10,0,0
001594,2016-12-11,0,0
001594,2016-12-12,0,0.0
001594,2016-12-13,0,0.0
001594,2016-12-14,0,0.0
001594,2016-12-15,0,0.0
001594,2016-12-16,0,0.0
001594,2016-12-17,0,0
001594,2016-12-18,0,0
001594,2016-12-19,0,0.0
001594,2016-12-20,0,0.0
001594,2016-12-21,0,0.0
001594,2016-12-22,0,0.0
001594,2016-12-23,0,0.0
001594,2016-12-24,0,0
001594,2016-12-25,0,0
001594,2016-12-26,0,0.0
001594,2016-12-27,0,0.0
001594,2016-12-28,0,0.0
001594,2016-12-29,0,0.0
001594,2016-12-30,0,0.0
001594,2016-12-31,0,0.0
001594,2017-01-01,0,0
001594,2017-01-02,0,0
001594,2017-01-03,0,0.0
001594,2017-01-04,0,0.0
001594,2017-01-05,0,0.0
001594,2017-01-06,0,0.0
001594,2017-01-07,0,0
001594,2017-01-08,0,0
001594,2017-01-09,0,0.0
001594,2017-01-10,0,0.0
001594,2017-01-11,0,0.0
001594,2017-01-12,0,0.0
001594,2017-01-13,0,0.0
001594,2017-01-14,0,0
001594,2017-01-15,0,0
001594,2017-01-16,0,0.0
001594,2017-01-17,0,0.0
001594,2017-01-18,0,0.0
001594,2017-01-19,0,0.0
001594,2017-01-20,0,0.0
001594,2017-01-21,0,0
001594,2017-01-22,0,0
001594,2017-01-23,0,0.0
001594,2017-01-24,0,0.0
001594,2017-01-25,0,0.0
001594,2017-01-26,0,0.0
001594,2017-01-27,0,0
001594,2017-01-28,0,0
001594,2017-01-29,0,0
001594,2017-01-30,0,0
001594,2017-01-31,0,0
001594,2017-02-01,0,0
001594,2017-02-02,0,0
001594,2017-02-03,0,0.0
001594,2017-02-04,0,0
001594,2017-02-05,0,0
001594,2017-02-06,0,0.0
001594,2017-02-07,0,0.0
001594,2017-02-08,0,0.0
001594,2017-02-09,0,0.0
001594,2017-02-10,0,0.0
001594,2017-02-11,0,0
001594,2017-02-12,0,0
001594,2017-02-13,0,0.0
001594,2017-02-14,0,0.0
001594,2017-02-15,0,0.0
001594,2017-02-16,0,0.0
001594,2017-02-17,0,0.0
001594,2017-02-18,0,0
001594,2017-02-19,0,0
001594,2017-02-20,0,0.0
001594,2017-02-21,0,0.0
001594,2017-02-22,0,0.0
001594,2017-02-23,0,0.0
001594,2017-02-24,0,0.0
001594,2017-02-25,0,0
001594,2017-02-26,0,0
001594,2017-02-27,0,0.0
001594,2017-02-28,0,0.0
001594,2017-03-01,0,0.0
001594,2017-03-02,0,0.0
001594,2017-03-03,0,0.0
001594,2017-03-04,0,0
001594,2017-03-05,0,0
001594,2017-03-06,0,0.0
001594,2017-03-07,0,0.0
001594,2017-03-08,0,0.0
001594,2017-03-09,0,0.0
001594,2017-03-10,0,0.0
001594,2017-03-11,0,0
001594,2017-03-12,0,0
001594,2017-03-13,0,0.0
001594,2017-03-14,0,0.0
001594,2017-03-15,0,0.0
001594,2017-03-16,0,0.0
001594,2017-03-17,0,0.0
001594,2017-03-18,0,0
001594,2017-03-19,0,0
001594,2017-03-20,0,0.0
001594,2017-03-21,0,0.0
001594,2017-03-22,0,0.0
001594,2017-03-23,0,0.0
001594,2017-03-24,0,0.0
001594,2017-03-25,0,0
001594,2017-03-26,0,0
001594,2017-03-27,0,0.0
001594,2017-03-28,0,0.0
001594,2017-03-29,0,0.0
001594,2017-03-30,0,0.0
001594,2017-03-31,0,0.0
001594,2017-04-01,0,0
001594,2017-04-02,0,0
001594,2017-04-03,0,0
001594,2017-04-04,0,0
001594,2017-04-05,0,0.0
001594,2017-04-06,0,0.0
001594,2017-04-07,0,0.0
001594,2017-04-08,0,0
001594,2017-04-09,0,0
001594,2017-04-10,0,0.0
001594,2017-04-11,0,0.0
001594,2017-04-12,0,0.0
001594,2017-04-13,0,0.0
001594,2017-04-14,0,0.0
001594,2017-04-15,0,0
001594,2017-04-16,0,0
001594,2017-04-17,0,0.0
001594,2017-04-18,0,0.0
001594,2017-04-19,111,119.34
001594,2017-04-20,114,123.16
001594,2017-04-21,0,0.0
001594,2017-04-22,0,0
001594,2017-04-23,0,0
001594,2017-04-24,0,0.0
001594,2017-04-25,0,0.0
001594,2017-04-26,0,0.0
001594,2017-04-27,0,0.0
001594,2017-04-28,107,114.13
001594,2017-04-29,0,0
001594,2017-04-30,0,0
001594,2017-05-01,0,0
001594,2017-05-02,117,125.74
001594,2017-05-03,121,130.78
001594,2017-05-04,124,134.67
001594,2017-05-05,123,133.55
001594,2017-05-06,0,0
001594,2017-05-07,0,0
001594,2017-05-08,121,131.15
001594,2017-05-09,121,131.17
001594,2017-05-10,119,128.68
001594,2017-05-11,114,122.3
001594,2017-05-12,0,0.0
001594,2017-05-13,0,0
001594,2017-05-14,0,0
001594,2017-05-15,0,0.0
001594,2017-05-16,102,107.24
001594,2017-05-17,107,113.32
001594,2017-05-18,108,114.78
001594,2017-05-19,108,114.67
001594,2017-05-20,0,0
001594,2017-05-21,0,0
001594,2017-05-22,105,111.11
001594,2017-05-23,0,0.0
001594,2017-05-24,0,0.0
001594,2017-05-25,0,0.0
001594,2017-05-26,0,0.0
001594,2017-05-27,0,0
001594,2017-05-28,0,0
001594,2017-05-29,0,0
001594,2017-05-30,0,0
001594,2017-05-31,0,0.0
001594,2017-06-01,0,0.0
001594,2017-06-02,0,0.0
001594,2017-06-03,0,0
001594,2017-06-04,0,0
001594,2017-06-05,0,0.0
001594,2017-06-06,0,0.0
001594,2017-06-07,0,0.0
001594,2017-06-08,0,0.0
001594,2017-06-09,0,0.0
001594,2017-06-10,0,0
001594,2017-06-11,0,0
001594,2017-06-12,0,0.0
001594,2017-06-13,0,0.0
001594,2017-06-14,0,0.0
001594,2017-06-15,0,0.0
001594,2017-06-16,0,0.0
001594,2017-06-17,0,0
001594,2017-06-18,0,0
001594,2017-06-19,0,0.0
001594,2017-06-20,0,0.0
001594,2017-06-21,0,0.0
001594,2017-06-22,0,0.0
001594,2017-06-23,0,0.0
001594,2017-06-24,0,0
001594,2017-06-25,0,0
001594,2017-06-26,0,0.0
001594,2017-06-27,0,0.0
001594,2017-06-28,0,0.0
001594,2017-06-29,0,0.0
001594,2017-06-30,0,0.0
001594,2017-07-01,0,0
001594,2017-07-02,0,0
001594,2017-07-03,0,0.0
001594,2017-07-04,0,0.0
001594,2017-07-05,0,0.0
001594,2017-07-06,0,0.0
001594,2017-07-07,0,0.0
001594,2017-07-08,0,0
001594,2017-07-09,0,0
001594,2017-07-10,0,0.0
001594,2017-07-11,0,0.0
001594,2017-07-12,0,0.0
001594,2017-07-13,0,0.0
001594,2017-07-14,0,0.0
001594,2017-07-15,0,0
001594,2017-07-16,0,0
001594,2017-07-17,0,0.0
001594,2017-07-18,0,0.0
001594,2017-07-19,0,0.0
001594,2017-07-20,0,0.0
001594,2017-07-21,0,0.0
001594,2017-07-22,0,0
001594,2017-07-23,0,0
001594,2017-07-24,0,0.0
001594,2017-07-25,0,0.0
001594,2017-07-26,0,0.0
001594,2017-07-27,0,0.0
001594,2017-07-28,0,0.0
001594,2017-07-29,0,0
001594,2017-07-30,0,0
001594,2017-07-31,0,0.0
001594,2017-08-01,0,0.0
001594,2017-08-02,0,0.0
001594,2017-08-03,0,0.0
001594,2017-08-04,0,0.0
001594,2017-08-05,0,0
001594,2017-08-06,0,0
001594,2017-08-07,0,0.0
001594,2017-08-08,0,0.0
001594,2017-08-09,0,0.0
001594,2017-08-10,0,0.0
001594,2017-08-11,0,0.0
001594,2017-08-12,0,0
001594,2017-08-13,0,0
001594,2017-08-14,0,0.0
001594,2017-08-15,0,0.0
001594,2017-08-16,0,0.0
001594,2017-08-17,0,0.0
001594,2017-08-18,0,0.0
001594,2017-08-19,0,0
001594,2017-08-20,0,0
001594,2017-08-21,0,0.0
001594,2017-08-22,0,0.0
001594,2017-08-23,0,0.0
001594,2017-08-24,0,0.0
001594,2017-08-25,0,0.0
001594,2017-08-26,0,0
001594,2017-08-27,0,0
001594,2017-08-28,0,0.0
001594,2017-08-29,0,0.0
001594,2017-08-30,0,0.0
001594,2017-08-31,0,0.0
001594,2017-09-01,0,0.0
001594,2017-09-02,0,0
001594,2017-09-03,0,0
001594,2017-09-04,0,0.0
001594,2017-09-05,0,0.0
001594,2017-09-06,0,0.0
001594,2017-09-07,0,0.0
001594,2017-09-08,0,0.0
001594,2017-09-09,0,0
001594,2017-09-10,0,0
001594,2017-09-11,0,0.0
001594,2017-09-12,0,0.0
001594,2017-09-13,0,0.0
001594,2017-09-14,0,0.0
001594,2017-09-15,0,0.0
001594,2017-09-16,0,0
001594,2017-09-17,0,0
001594,2017-09-18,0,0.0
001594,2017-09-19,0,0.0
001594,2017-09-20,0,0.0
001594,2017-09-21,0,0.0
001594,2017-09-22,0,0.0
001594,2017-09-23,0,0
001594,2017-09-24,0,0
001594,2017-09-25,0,0.0
001594,2017-09-26,0,0.0
001594,2017-09-27,0,0.0
001594,2017-09-28,0,0.0
001594,2017-09-29,0,0.0
001594,2017-09-30,0,0
001594,2017-10-01,0,0
001594,2017-10-02,0,0
001594,2017-10-03,0,0
001594,2017-10-04,0,0
001594,2017-10-05,0,0
001594,2017-10-06,0,0
001594,2017-10-07,0,0
001594,2017-10-08,0,0
001594,2017-10-09,0,0.0
001594,2017-10-10,0,0.0
001594,2017-10-11,0,0.0
001594,2017-10-12,0,0.0
001594,2017-10-13,0,0.0
001594,2017-10-14,0,0
001594,2017-10-15,0,0
001594,2017-10-16,0,0.0
001594,2017-10-17,0,0.0
001594,2017-10-18,0,0.0
001594,2017-10-19,0,0.0
001594,2017-10-20,0,0.0
001594,2017-10-21,0,0
001594,2017-10-22,0,0
001594,2017-10-23,0,0.0
001594,2017-10-24,0,0.0
001594,2017-10-25,0,0.0
001594,2017-10-26,0,0.0
001594,2017-10-27,0,0.0
001594,2017-10-28,0,0
001594,2017-10-29,0,0
001594,2017-10-30,0,0.0
001594,2017-10-31,0,0.0
001594,2017-11-01,0,0.0
001594,2017-11-02,0,0.0
001594,2017-11-03,0,0.0
001594,2017-11-04,0,0
001594,2017-11-05,0,0
001594,2017-11-06,0,0.0
001594,2017-11-07,0,0.0
001594,2017-11-08,0,0.0
001594,2017-11-09,0,0.0
001594,2017-11-10,0,0.0
001594,2017-11-11,0,0
001594,2017-11-12,0,0
001594,2017-11-13,0,0.0
001594,2017-11-14,0,0.0
001594,2017-11-15,0,0.0
001594,2017-11-16,0,0.0
001594,2017-11-17,0,0.0
001594,2017-11-18,0,0
001594,2017-11-19,0,0
001594,2017-11-20,0,0.0
001594,2017-11-21,0,0.0
001594,2017-11-22,0,0.0
001594,2017-11-23,0,0.0
001594,2017-11-24,0,0.0
001594,2017-11-25,0,0
001594,2017-11-26,0,0
001594,2017-11-27,0,0.0
001594,2017-11-28,0,0.0
001594,2017-11-29,0,0.0
001594,2017-11-30,0,0.0
001594,2017-12-01,0,0.0
001594,2017-12-02,0,0
001594,2017-12-03,0,0
001594,2017-12-04,0,0.0
001594,2017-12-05,0,0.0
001594,2017-12-06,0,0.0
001594,2017-12-07,0,0.0
001594,2017-12-08,0,0.0
001594,2017-12-09,0,0
001594,2017-12-10,0,0
001594,2017-12-11,0,0.0
001594,2017-12-12,0,0.0
001594,2017-12-13,0,0.0
001594,2017-12-14,0,0.0
001594,2017-12-15,0,0.0
001594,2017-12-16,0,0
001594,2017-12-17,0,0
001594,2017-12-18,0,0.0
001594,2017-12-19,0,0.0
001594,2017-12-20,0,0.0
001594,2017-12-21,0,0.0
001594,2017-12-22,0,0.0
001594,2017-12-23,0,0
001594,2017-12-24,0,0
001594,2017-12-25,0,0.0
001594,2017-12-26,0,0.0
001594,2017-12-27,0,0.0
001594,2017-12-28,0,0.0
001594,2017-12-29,0,0.0
001594,2017-12-30,0,0
001594,2017-12-31,0,0.0
001594,2018-01-01,0,0
001594,2018-01-02,0,0.0
001594,2018-01-03,0,0.0
001594,2018-01-04,0,0.0
001594,2018-01-05,0,0.0
001594,2018-01-06,0,0
001594,2018-01-07,0,0
001594,2018-01-08,0,0.0
001594,2018-01-09,0,0.0
001594,2018-01-10,0,0.0
001594,2018-01-11,0,0.0
001594,2018-01-12,0,0.0
001594,2018-01-13,0,0
001594,2018-01-14,0,0
001594,2018-01-15,0,0.0
001594,2018-01-16,0,0.0
001594,2018-01-17,0,0.0
001594,2018-01-18,0,0.0
001594,2018-01-19,0,0.0
001594,2018-01-20,0,0
001594,2018-01-21,0,0
001594,2018-01-22,0,0.0
001594,2018-01-23,0,0.0
001594,2018-01-24,0,0.0
001594,2018-01-25,0,0.0
001594,2018-01-26,0,0.0
001594,2018-01-27,0,0
001594,2018-01-28,0,0
001594,2018-01-29,0,0.0
001594,2018-01-30,0,0.0
001594,2018-01-31,0,0.0
001594,2018-02-01,0,0.0
001594,2018-02-02,0,0.0
001594,2018-02-03,0,0
001594,2018-02-04,0,0
001594,2018-02-05,0,0.0
001594,2018-02-06,0,0.0
001594,2018-02-07,0,0.0
001594,2018-02-08,0,0.0
001594,2018-02-09,0,0.0
001594,2018-02-10,0,0
001594,2018-02-11,0,0
001594,2018-02-12,0,0.0
001594,2018-02-13,0,0.0
001594,2018-02-14,0,0.0
001594,2018-02-15,0,0
001594,2018-02-16,0,0
001594,2018-02-17,0,0
001594,2018-02-18,0,0
001594,2018-02-19,0,0
001594,2018-02-20,0,0
001594,2018-02-21,0,0
001594,2018-02-22,0,0.0
001594,2018-02-23,0,0.0
001594,2018-02-24,0,0
001594,2018-02-25,0,0
001594,2018-02-26,0,0.0
001594,2018-02-27,0,0.0
001594,2018-02-28,0,0.0
001594,2018-03-01,0,0.0
001594,2018-03-02,0,0.0
001594,2018-03-03,0,0
001594,2018-03-04,0,0
001594,2018-03-05,0,0.0
001594,2018-03-06,0,0.0
001594,2018-03-07,0,0.0
001594,2018-03-08,0,0.0
001594,2018-03-09,0,0.0
001594,2018-03-10,0,0
001594,2018-03-11,0,0
001594,2018-03-12,0,0.0
001594,2018-03-13,0,0.0
001594,2018-03-14,0,0.0
001594,2018-03-15,0,0.0
001594,2018-03-16,0,0.0
001594,2018-03-17,0,0
001594,2018-03-18,0,0
001594,2018-03-19,0,0.0
001594,2018-03-20,0,0.0
001594,2018-03-21,0,0.0
001594,2018-03-22,0,0.0
001594,2018-03-23,0,0.0
001594,2018-03-24,0,0
001594,2018-03-25,0,0
001594,2018-03-26,0,0.0
001594,2018-03-27,0,0.0
001594,2018-03-28,0,0.0
001594,2018-03-29,0,0.0
001594,2018-03-30,0,0.0
001594,2018-03-31,0,0
001594,2018-04-01,0,0
001594,2018-04-02,0,0.0
001594,2018-04-03,0,0.0
001594,2018-04-04,0,0.0
001594,2018-04-05,0,0
001594,2018-04-06,0,0
001594,2018-04-07,0,0
001594,2018-04-08,0,0
001594,2018-04-09,0,0.0
001594,2018-04-10,0,0.0
001594,2018-04-11,0,0.0
001594,2018-04-12,0,0.0
001594,2018-04-13,0,0.0
001594,2018-04-14,0,0
001594,2018-04-15,0,0
001594,2018-04-16,0,0.0
001594,2018-04-17,0,0.0
001594,2018-04-18,0,0.0
001594,2018-04-19,0,0.0
001594,2018-04-20,0,0.0
001594,2018-04-21,0,0
001594,2018-04-22,0,0
001594,2018-04-23,0,0.0
001594,2018-04-24,0,0.0
001594,2018-04-25,0,0.0
001594,2018-04-26,0,0.0
001594,2018-04-27,0,0.0
001594,2018-04-28,0,0
001594,2018-04-29,0,0
001594,2018-04-30,0,0
001594,2018-05-01,0,0
001594,2018-05-02,0,0.0
001594,2018-05-03,0,0.0
001594,2018-05-04,0,0.0
001594,2018-05-05,0,0
001594,2018-05-06,0,0
001594,2018-05-07,0,0.0
001594,2018-05-08,0,0.0
001594,2018-05-09,0,0.0
001594,2018-05-10,0,0.0
001594,2018-05-11,0,0.0
001594,2018-05-12,0,0
001594,2018-05-13,0,0
001594,2018-05-14,0,0.0
001594,2018-05-15,0,0.0
001594,2018-05-16,0,0.0
001594,2018-05-17,0,0.0
001594,2018-05-18,0,0.0
001594,2018-05-19,0,0
001594,2018-05-20,0,0
001594,2018-05-21,0,0.0
001594,2018-05-22,0,0.0
001594,2018-05-23,0,0.0
001594,2018-05-24,0,0.0
001594,2018-05-25,0,0.0
001594,2018-05-26,0,0
001594,2018-05-27,0,0
001594,2018-05-28,0,0.0
001594,2018-05-29,0,0.0
001594,2018-05-30,0,0.0
001594,2018-05-31,0,0.0
001594,2018-06-01,0,0.0
001594,2018-06-02,0,0
001594,2018-06-03,0,0
001594,2018-06-04,0,0.0
001594,2018-06-05,0,0.0
001594,2018-06-06,0,0.0
001594,2018-06-07,0,0.0
001594,2018-06-08,132,127.17
001594,2018-06-09,0,0
001594,2018-06-10,0,0
001594,2018-06-11,131,126.02
001594,2018-06-12,0,0.0
001594,2018-06-13,0,0.0
001594,2018-06-14,0,0.0
001594,2018-06-15,0,0.0
001594,2018-06-16,0,0
001594,2018-06-17,0,0
001594,2018-06-18,0,0
001594,2018-06-19,0,0.0
001594,2018-06-20,0,0.0
001594,2018-06-21,139,135.54
001594,2018-06-22,140,136.59
001594,2018-06-23,0,0
001594,2018-06-24,0,0
001594,2018-06-25,156,155.1
001594,2018-06-26,173,174.75
001594,2018-06-27,188,192.5
001594,2018-06-28,199,205.11
001594,2018-06-29,182,185.05
001594,2018-06-30,182,185.05
001594,2018-07-01,0,0
001594,2018-07-02,222,233.05
001594,2018-07-03,215,224.59
001594,2018-07-04,217,227.32
001594,2018-07-05,208,216.58
001594,2018-07-06,199,205.9
001594,2018-07-07,0,0
001594,2018-07-08,0,0
001594,2018-07-09,162,162.45
001594,2018-07-10,165,165.9
001594,2018-07-11,176,179.04
001594,2018-07-12,157,156.94
001594,2018-07-13,160,160.34
001594,2018-07-14,0,0
001594,2018-07-15,0,0
001594,2018-07-16,177,180.08
001594,2018-07-17,182,185.87
001594,2018-07-18,183,187.25
001594,2018-07-19,185,189.41
001594,2018-07-20,143,140.68
001594,2018-07-21,0,0
001594,2018-07-22,0,0
001594,2018-07-23,0,0.0
001594,2018-07-24,0,0.0
001594,2018-07-25,0,0.0
001594,2018-07-26,0,0.0
001594,2018-07-27,0,0.0
001594,2018-07-28,0,0
001594,2018-07-29,0,0
001594,2018-07-30,0,0.0
001594,2018-07-31,0,0.0
001594,2018-08-01,0,0.0
001594,2018-08-02,149,147.8
001594,2018-08-03,147,145.63
001594,2018-08-04,0,0
001594,2018-08-05,0,0
001594,2018-08-06,141,138.94
001594,2018-08-07,0,0.0
001594,2018-08-08,0,0.0
001594,2018-08-09,0,0.0
001594,2018-08-10,0,0.0
001594,2018-08-11,0,0
001594,2018-08-12,0,0
001594,2018-08-13,142,139.6
001594,2018-08-14,144,141.93
001594,2018-08-15,160,160.48
001594,2018-08-16,157,157.09
001594,2018-08-17,163,164.15
001594,2018-08-18,0,0
001594,2018-08-19,0,0
001594,2018-08-20,149,147.95
001594,2018-08-21,143,141.07
001594,2018-08-22,146,144.5
001594,2018-08-23,144,142.11
001594,2018-08-24,0,0.0
001594,2018-08-25,0,0
001594,2018-08-26,0,0
001594,2018-08-27,0,0.0
001594,2018-08-28,0,0.0
001594,2018-08-29,128,122.96
001594,2018-08-30,137,133.16
001594,2018-08-31,131,126.31
001594,2018-09-01,0,0
001594,2018-09-02,0,0
001594,2018-09-03,132,127.45
001594,2018-09-04,124,118.44
001594,2018-09-05,141,137.49
001594,2018-09-06,144,140.94
001594,2018-09-07,141,137.41
001594,2018-09-08,0,0
001594,2018-09-09,0,0
001594,2018-09-10,143,139.94
001594,2018-09-11,149,146.86
001594,2018-09-12,149,146.73
001594,2018-09-13,139,135.24
001594,2018-09-14,139,135.41
001594,2018-09-15,0,0
001594,2018-09-16,0,0
001594,2018-09-17,146,143.49
001594,2018-09-18,134,129.72
001594,2018-09-19,130,125.24
001594,2018-09-20,126,120.91
001594,2018-09-21,0,0.0
001594,2018-09-22,0,0
001594,2018-09-23,0,0
001594,2018-09-24,0,0
001594,2018-09-25,0,0.0
001594,2018-09-26,0,0.0
001594,2018-09-27,0,0.0
001594,2018-09-28,0,0.0
001594,2018-09-29,0,0
001594,2018-09-30,0,0
001594,2018-10-01,0,0
001594,2018-10-02,0,0
001594,2018-10-03,0,0
001594,2018-10-04,0,0
001594,2018-10-05,0,0
001594,2018-10-06,0,0
001594,2018-10-07,0,0
001594,2018-10-08,0,0.0
001594,2018-10-09,0,0.0
001594,2018-10-10,114,107.69
001594,2018-10-11,140,136.89
001594,2018-10-12,124,119.05
001594,2018-10-13,0,0
001594,2018-10-14,0,0
001594,2018-10-15,134,130.12
001594,2018-10-16,129,124.53
001594,2018-10-17,124,118.91
001594,2018-10-18,138,134.77
001594,2018-10-19,118,112.34
001594,2018-10-20,0,0
001594,2018-10-21,0,0
001594,2018-10-22,0,0.0
001594,2018-10-23,116,110.11
001594,2018-10-24,0,0.0
001594,2018-10-25,0,0.0
001594,2018-10-26,0,0.0
001594,2018-10-27,0,0
001594,2018-10-28,0,0
001594,2018-10-29,115,108.32
001594,2018-10-30,107,99.31
001594,2018-10-31,111,102.83
001594,2018-11-01,116,108.3
001594,2018-11-02,0,0.0
001594,2018-11-03,0,0
001594,2018-11-04,0,0
001594,2018-11-05,110,101.61
001594,2018-11-06,115,106.92
001594,2018-11-07,117,109.2
001594,2018-11-08,113,104.83
001594,2018-11-09,136,129.88
001594,2018-11-10,0,0
001594,2018-11-11,0,0
001594,2018-11-12,133,126.64
001594,2018-11-13,131,124.32
001594,2018-11-14,140,134.32
001594,2018-11-15,134,127.57
001594,2018-11-16,134,127.63
001594,2018-11-17,0,0
001594,2018-11-18,0,0
001594,2018-11-19,124,116.61
001594,2018-11-20,134,127.75
001594,2018-11-21,132,125.73
001594,2018-11-22,135,129.03
001594,2018-11-23,144,139.25
001594,2018-11-24,0,0
001594,2018-11-25,0,0
001594,2018-11-26,140,134.85
001594,2018-11-27,144,139.37
001594,2018-11-28,139,133.78
001594,2018-11-29,143,138.32
001594,2018-11-30,137,131.49
001594,2018-12-01,0,0
001594,2018-12-02,0,0
001594,2018-12-03,124,117.04
001594,2018-12-04,122,114.8
001594,2018-12-05,126,119.36
001594,2018-12-06,135,129.32
001594,2018-12-07,135,129.48
001594,2018-12-08,0,0
001594,2018-12-09,0,0
001594,2018-12-10,142,137.36
001594,2018-12-11,141,136.39
001594,2018-12-12,139,134.3
001594,2018-12-13,134,128.64
001594,2018-12-14,142,137.76
001594,2018-12-15,0,0
001594,2018-12-16,0,0
001594,2018-12-17,139,134.46
001594,2018-12-18,146,142.56
001594,2018-12-19,155,152.92
001594,2018-12-20,171,171.58
001594,2018-12-21,180,182.39
001594,2018-12-22,0,0
001594,2018-12-23,0,0
001594,2018-12-24,182,185.03
001594,2018-12-25,184,187.77
001594,2018-12-26,185,189.39
001594,2018-12-27,184,188.08
001594,2018-12-28,175,177.36
001594,2018-12-29,0,0
001594,2018-12-30,0,0
001594,2018-12-31,174,176.35
001594,2019-01-01,0,0
001594,2019-01-02,192,197.71
001594,2019-01-03,183,186.83
001594,2019-01-04,165,165.31
001594,2019-01-05,0,0
001594,2019-01-06,0,0
001594,2019-01-07,167,167.69
001594,2019-01-08,171,172.43
001594,2019-01-09,162,162.06
001594,2019-01-10,166,166.48
001594,2019-01-11,158,157.18
001594,2019-01-12,0,0
001594,2019-01-13,0,0
001594,2019-01-14,165,165.18
001594,2019-01-15,155,153.63
001594,2019-01-16,153,151.35
001594,2019-01-17,155,154.08
001594,2019-01-18,139,135.86
001594,2019-01-19,0,0
001594,2019-01-20,0,0
001594,2019-01-21,137,133.61
001594,2019-01-22,143,140.51
001594,2019-01-23,139,136.21
001594,2019-01-24,134,130.27
001594,2019-01-25,122,116.81
001594,2019-01-26,0,0
001594,2019-01-27,0,0
001594,2019-01-28,122,116.9
001594,2019-01-29,117,111.36
001594,2019-01-30,119,113.66
001594,2019-01-31,0,0.0
001594,2019-02-01,0,0.0
001594,2019-02-02,0,0
001594,2019-02-03,0,0
001594,2019-02-04,0,0
001594,2019-02-05,0,0
001594,2019-02-06,0,0
001594,2019-02-07,0,0
001594,2019-02-08,0,0
001594,2019-02-09,0,0
001594,2019-02-10,0,0
001594,2019-02-11,0,0.0
001594,2019-02-12,0,0.0
001594,2019-02-13,0,0.0
001594,2019-02-14,0,0.0
001594,2019-02-15,0,0.0
001594,2019-02-16,0,0
001594,2019-02-17,0,0
001594,2019-02-18,0,0.0
001594,2019-02-19,0,0.0
001594,2019-02-20,0,0.0
001594,2019-02-21,0,0.0
001594,2019-02-22,0,0.0
001594,2019-02-23,0,0
001594,2019-02-24,0,0
001594,2019-02-25,0,0.0
001594,2019-02-26,0,0.0
001594,2019-02-27,0,0.0
001594,2019-02-28,0,0.0
001594,2019-03-01,0,0.0
001594,2019-03-02,0,0
001594,2019-03-03,0,0
001594,2019-03-04,0,0.0
001594,2019-03-05,0,0.0
001594,2019-03-06,0,0.0
001594,2019-03-07,0,0.0
001594,2019-03-08,0,0.0
001594,2019-03-09,0,0
001594,2019-03-10,0,0
001594,2019-03-11,0,0.0
001594,2019-03-12,0,0.0
001594,2019-03-13,0,0.0
001594,2019-03-14,0,0.0
001594,2019-03-15,0,0.0
001594,2019-03-16,0,0
001594,2019-03-17,0,0
001594,2019-03-18,0,0.0
001594,2019-03-19,0,0.0
001594,2019-03-20,0,0.0
001594,2019-03-21,0,0.0
001594,2019-03-22,0,0.0
001594,2019-03-23,0,0
001594,2019-03-24,0,0
001594,2019-03-25,0,0.0
001594,2019-03-26,0,0.0
001594,2019-03-27,0,0.0
001594,2019-03-28,0,0.0
001594,2019-03-29,0,0.0
001594,2019-03-30,0,0
001594,2019-03-31,0,0
001594,2019-04-01,0,0.0
001594,2019-04-02,0,0.0
001594,2019-04-03,0,0.0
001594,2019-04-04,0,0.0
001594,2019-04-05,0,0
001594,2019-04-06,0,0
001594,2019-04-07,0,0
001594,2019-04-08,0,0.0
001594,2019-04-09,0,0.0
001594,2019-04-10,0,0.0
001594,2019-04-11,0,0.0
001594,2019-04-12,0,0.0
001594,2019-04-13,0,0
001594,2019-04-14,0,0
001594,2019-04-15,0,0.0
001594,2019-04-16,0,0.0
001594,2019-04-17,0,0.0
001594,2019-04-18,0,0.0
001594,2019-04-19,0,0.0
001594,2019-04-20,0,0
001594,2019-04-21,0,0
001594,2019-04-22,0,0.0
001594,2019-04-23,0,0.0
001594,2019-04-24,0,0.0
001594,2019-04-25,0,0.0
001594,2019-04-26,0,0.0
001594,2019-04-27,0,0
001594,2019-04-28,0,0
001594,2019-04-29,0,0.0
001594,2019-04-30,0,0.0
001594,2019-05-01,0,0
001594,2019-05-02,0,0
001594,2019-05-03,0,0
001594,2019-05-04,0,0
001594,2019-05-05,0,0
001594,2019-05-06,0,0.0
001594,2019-05-07,0,0.0
001594,2019-05-08,0,0.0
001594,2019-05-09,0,0.0
001594,2019-05-10,0,0.0
001594,2019-05-11,0,0
001594,2019-05-12,0,0
001594,2019-05-13,0,0.0
001594,2019-05-14,0,0.0
001594,2019-05-15,0,0.0
001594,2019-05-16,0,0.0
001594,2019-05-17,0,0.0
001594,2019-05-18,0,0
001594,2019-05-19,0,0
001594,2019-05-20,0,0.0
001594,2019-05-21,0,0.0
001594,2019-05-22,0,0.0
001594,2019-05-23,0,0.0
001594,2019-05-24,0,0.0
001594,2019-05-25,0,0
001594,2019-05-26,0,0
001594,2019-05-27,0,0.0
001594,2019-05-28,0,0.0
001594,2019-05-29,0,0.0
001594,2019-05-30,0,0.0
001594,2019-05-31,0,0.0
001594,2019-06-01,0,0
001594,2019-06-02,0,0
001594,2019-06-03,0,0.0
001594,2019-06-04,0,0.0
001594,2019-06-05,0,0.0
001594,2019-06-06,0,0.0
001594,2019-06-07,0,0
001594,2019-06-08,0,0
001594,2019-06-09,0,0
001594,2019-06-10,0,0.0
001594,2019-06-11,0,0.0
001594,2019-06-12,0,0.0
001594,2019-06-13,0,0.0
001594,2019-06-14,0,0.0
001594,2019-06-15,0,0
001594,2019-06-16,0,0
001594,2019-06-17,0,0.0
001594,2019-06-18,0,0.0
001594,2019-06-19,0,0.0
001594,2019-06-20,0,0.0
001594,2019-06-21,0,0.0
001594,2019-06-22,0,0
001594,2019-06-23,0,0
001594,2019-06-24,0,0.0
001594,2019-06-25,0,0.0
001594,2019-06-26,0,0.0
001594,2019-06-27,0,0.0
001594,2019-06-28,0,0.0
001594,2019-06-29,0,0
001594,2019-06-30,0,0.0
001594,2019-07-01,0,0.0
001594,2019-07-02,0,0.0
001594,2019-07-03,0,0.0
001594,2019-07-04,0,0.0
001594,2019-07-05,0,0.0
001594,2019-07-06,0,0
001594,2019-07-07,0,0
001594,2019-07-08,0,0.0
001594,2019-07-09,0,0.0
001594,2019-07-10,0,0.0
001594,2019-07-11,0,0.0
001594,2019-07-12,0,0.0
001594,2019-07-13,0,0
001594,2019-07-14,0,0
001594,2019-07-15,0,0.0
001594,2019-07-16,0,0.0
001594,2019-07-17,0,0.0
001594,2019-07-18,0,0.0
001594,2019-07-19,0,0.0
001594,2019-07-20,0,0
001594,2019-07-21,0,0
001594,2019-07-22,0,0.0
001594,2019-07-23,0,0.0
001594,2019-07-24,0,0.0
001594,2019-07-25,0,0.0
001594,2019-07-26,0,0.0
001594,2019-07-27,0,0
001594,2019-07-28,0,0
001594,2019-07-29,0,0.0
001594,2019-07-30,0,0.0
001594,2019-07-31,0,0.0
001594,2019-08-01,0,0.0
001594,2019-08-02,0,0.0
001594,2019-08-03,0,0
001594,2019-08-04,0,0
001594,2019-08-05,0,0.0
001594,2019-08-06,0,0.0
001594,2019-08-07,0,0.0
001594,2019-08-08,0,0.0
001594,2019-08-09,0,0.0
001594,2019-08-10,0,0
001594,2019-08-11,0,0
001594,2019-08-12,0,0.0
001594,2019-08-13,0,0.0
001594,2019-08-14,0,0.0
001594,2019-08-15,0,0.0
001594,2019-08-16,0,0.0
001594,2019-08-17,0,0
001594,2019-08-18,0,0
001594,2019-08-19,0,0.0
001594,2019-08-20,0,0.0
001594,2019-08-21,0,0.0
001594,2019-08-22,0,0.0
001594,2019-08-23,0,0.0
001594,2019-08-24,0,0
001594,2019-08-25,0,0
001594,2019-08-26,0,0.0
001594,2019-08-27,0,0.0
001594,2019-08-28,0,0.0
001594,2019-08-29,0,0.0
001594,2019-08-30,0,0.0
001594,2019-08-31,0,0
001594,2019-09-01,0,0
001594,2019-09-02,0,0.0
001594,2019-09-03,0,0.0
001594,2019-09-04,0,0.0
001594,2019-09-05,0,0.0
001594,2019-09-06,0,0.0
001594,2019-09-07,0,0
001594,2019-09-08,0,0
001594,2019-09-09,0,0.0
001594,2019-09-10,0,0.0
001594,2019-09-11,0,0.0
001594,2019-09-12,0,0.0
001594,2019-09-13,0,0
001594,2019-09-14,0,0
001594,2019-09-15,0,0
001594,2019-09-16,0,0.0
001594,2019-09-17,0,0.0
001594,2019-09-18,0,0.0
001594,2019-09-19,0,0.0
001594,2019-09-20,0,0.0
001594,2019-09-21,0,0
001594,2019-09-22,0,0
001594,2019-09-23,0,0.0
001594,2019-09-24,0,0.0
001594,2019-09-25,0,0.0
001594,2019-09-26,0,0.0
001594,2019-09-27,0,0.0
001594,2019-09-28,0,0
001594,2019-09-29,0,0
001594,2019-09-30,0,0.0
001594,2019-10-01,0,0
001594,2019-10-02,0,0
001594,2019-10-03,0,0
001594,2019-10-04,0,0
001594,2019-10-05,0,0
001594,2019-10-06,0,0
001594,2019-10-07,0,0
001594,2019-10-08,0,0.0
001594,2019-10-09,0,0.0
001594,2019-10-10,0,0.0
001594,2019-10-11,0,0.0
001594,2019-10-12,0,0
001594,2019-10-13,0,0
001594,2019-10-14,0,0.0
001594,2019-10-15,0,0.0
001594,2019-10-16,0,0.0
001594,2019-10-17,0,0.0
001594,2019-10-18,0,0.0
001594,2019-10-19,0,0
001594,2019-10-20,0,0
001594,2019-10-21,0,0.0
001594,2019-10-22,0,0.0
001594,2019-10-23,0,0.0
001594,2019-10-24,0,0.0
001594,2019-10-25,0,0.0
001594,2019-10-26,0,0
001594,2019-10-27,0,0
001594,2019-10-28,0,0.0
001594,2019-10-29,0,0.0
001594,2019-10-30,0,0.0
001594,2019-10-31,0,0.0
001594,2019-11-01,0,0.0
001594,2019-11-02,0,0
001594,2019-11-03,0,0
001594,2019-11-04,0,0.0
001594,2019-11-05,0,0.0
001594,2019-11-06,0,0.0
001594,2019-11-07,0,0.0
001594,2019-11-08,0,0.0
001594,2019-11-09,0,0
001594,2019-11-10,0,0
001594,2019-11-11,0,0.0
001594,2019-11-12,0,0.0
001594,2019-11-13,0,0.0
001594,2019-11-14,0,0.0
001594,2019-11-15,0,0.0
001594,2019-11-16,0,0
001594,2019-11-17,0,0
001594,2019-11-18,0,0.0
001594,2019-11-19,0,0.0
001594,2019-11-20,0,0.0
001594,2019-11-21,0,0.0
001594,2019-11-22,0,0.0
001594,2019-11-23,0,0
001594,2019-11-24,0,0
001594,2019-11-25,0,0.0
001594,2019-11-26,0,0.0
001594,2019-11-27,0,0.0
001594,2019-11-28,0,0.0
001594,2019-11-29,0,0.0
001594,2019-11-30,0,0
001594,2019-12-01,0,0
001594,2019-12-02,0,0.0
001594,2019-12-03,0,0.0
001594,2019-12-04,0,0.0
001594,2019-12-05,0,0.0
001594,2019-12-06,0,0.0
001594,2019-12-07,0,0
001594,2019-12-08,0,0
001594,2019-12-09,0,0.0
001594,2019-12-10,0,0.0
001594,2019-12-11,0,0.0
001594,2019-12-12,0,0.0
001594,2019-12-13,0,0.0
001594,2019-12-14,0,0
001594,2019-12-15,0,0
001594,2019-12-16,0,0.0
001594,2019-12-17,0,0.0
001594,2019-12-18,0,0.0
001594,2019-12-19,0,0.0
001594,2019-12-20,0,0.0
001594,2019-12-21,0,0
001594,2019-12-22,0,0
001594,2019-12-23,0,0.0
001594,2019-12-24,0,0.0
001594,2019-12-25,0,0.0
001594,2019-12-26,0,0.0
001594,2019-12-27,0,0.0
001594,2019-12-28,0,0
001594,2019-12-29,0,0
001594,2019-12-30,0,0.0
001594,2019-12-31,0,0.0
001594,2020-01-01,0,0
001594,2020-01-02,0,0.0
001594,2020-01-03,0,0.0
001594,2020-01-04,0,0
001594,2020-01-05,0,0
001594,2020-01-06,0,0.0
001594,2020-01-07,0,0.0
001594,2020-01-08,0,0.0
001594,2020-01-09,0,0.0
001594,2020-01-10,0,0.0
001594,2020-01-11,0,0
001594,2020-01-12,0,0
001594,2020-01-13,0,0.0
001594,2020-01-14,0,0.0
001594,2020-01-15,0,0.0
001594,2020-01-16,0,0.0
001594,2020-01-17,0,0.0
001594,2020-01-18,0,0
001594,2020-01-19,0,0
001594,2020-01-20,0,0.0
001594,2020-01-21,0,0.0
001594,2020-01-22,0,0.0
001594,2020-01-23,0,0.0
001594,2020-01-24,0,0
001594,2020-01-25,0,0
001594,2020-01-26,0,0
001594,2020-01-27,0,0
001594,2020-01-28,0,0
001594,2020-01-29,0,0
001594,2020-01-30,0,0
001594,2020-01-31,0,0
001594,2020-02-01,0,0
001594,2020-02-02,0,0
001594,2020-02-03,163,144.04
001594,2020-02-04,144,124.77
001594,2020-02-05,144,124.84
001594,2020-02-06,139,119.76
001594,2020-02-07,143,123.65
001594,2020-02-08,0,0
001594,2020-02-09,0,0
001594,2020-02-10,146,126.73
001594,2020-02-11,138,118.61
001594,2020-02-12,137,117.54
001594,2020-02-13,144,124.5
001594,2020-02-14,137,117.47
001594,2020-02-15,0,0
001594,2020-02-16,0,0
001594,2020-02-17,0,0.0
001594,2020-02-18,132,112.38
001594,2020-02-19,131,111.56
001594,2020-02-20,0,0.0
001594,2020-02-21,0,0.0
001594,2020-02-22,0,0
001594,2020-02-23,0,0
001594,2020-02-24,134,114.31
001594,2020-02-25,141,121.41
001594,2020-02-26,138,118.37
001594,2020-02-27,135,115.22
001594,2020-02-28,156,136.58
001594,2020-02-29,0,0
001594,2020-03-01,0,0
001594,2020-03-02,141,121.35
001594,2020-03-03,139,119.41
001594,2020-03-04,138,118.33
001594,2020-03-05,0,0.0
001594,2020-03-06,131,111.26
001594,2020-03-07,0,0
001594,2020-03-08,0,0
001594,2020-03-09,151,131.38
001594,2020-03-10,142,122.31
001594,2020-03-11,151,131.16
001594,2020-03-12,155,135.32
001594,2020-03-13,163,143.56
001594,2020-03-14,0,0
001594,2020-03-15,0,0
001594,2020-03-16,189,171.2
001594,2020-03-17,190,172.49
001594,2020-03-18,215,199.59
001594,2020-03-19,251,239.41
001594,2020-03-20,222,207.34
001594,2020-03-21,0,0
001594,2020-03-22,0,0
001594,2020-03-23,251,239.6
001594,2020-03-24,217,202.27
001594,2020-03-25,199,182.59
001594,2020-03-26,194,176.99
001594,2020-03-27,190,172.81
001594,2020-03-28,0,0
001594,2020-03-29,0,0
001594,2020-03-30,196,178.86
001594,2020-03-31,211,194.58
001594,2020-04-01,211,194.69
001594,2020-04-02,203,186.17
001594,2020-04-03,210,193.8
001594,2020-04-04,0,0
001594,2020-04-05,0,0
001594,2020-04-06,0,0
001594,2020-04-07,198,180.76
001594,2020-04-08,204,187.24
001594,2020-04-09,204,187.28
001594,2020-04-10,205,188.26
001594,2020-04-11,0,0
001594,2020-04-12,0,0
001594,2020-04-13,212,196.02
001594,2020-04-14,199,182.02
001594,2020-04-15,204,187.55
001594,2020-04-16,206,189.86
001594,2020-04-17,195,178.38
001594,2020-04-18,0,0
001594,2020-04-19,0,0
001594,2020-04-20,199,182.55
001594,2020-04-21,204,187.83
001594,2020-04-22,204,187.95
001594,2020-04-23,209,193.21
001594,2020-04-24,214,198.44
001594,2020-04-25,0,0
001594,2020-04-26,0,0
001594,2020-04-27,195,177.73
001594,2020-04-28,193,175.5
001594,2020-04-29,178,158.28
001594,2020-04-30,179,158.76
001594,2020-05-01,0,0
001594,2020-05-02,0,0
001594,2020-05-03,0,0
001594,2020-05-04,0,0
001594,2020-05-05,0,0
001594,2020-05-06,190,170.25
001594,2020-05-07,196,176.54
001594,2020-05-08,186,166.01
001594,2020-05-09,0,0
001594,2020-05-10,0,0
001594,2020-05-11,186,166.09
001594,2020-05-12,193,173.59
001594,2020-05-13,193,173.7
001594,2020-05-14,205,186.35
001594,2020-05-15,205,186.52
001594,2020-05-16,0,0
001594,2020-05-17,0,0
001594,2020-05-18,204,185.4
001594,2020-05-19,196,177.04
001594,2020-05-20,191,171.73
001594,2020-05-21,194,174.92
001594,2020-05-22,214,196.26
001594,2020-05-23,0,0
001594,2020-05-24,0,0
001594,2020-05-25,213,195.39
001594,2020-05-26,211,193.08
001594,2020-05-27,205,186.72
001594,2020-05-28,191,171.67
001594,2020-05-29,199,179.91
001594,2020-05-30,0,0
001594,2020-05-31,0,0
001594,2020-06-01,185,165.09
001594,2020-06-02,179,158.84
001594,2020-06-03,176,156.03
001594,2020-06-04,180,160.09
001594,2020-06-05,178,158.07
001594,2020-06-06,0,0
001594,2020-06-07,0,0
001594,2020-06-08,177,157.1
001594,2020-06-09,175,155.06
001594,2020-06-10,181,161.42
001594,2020-06-11,192,173.11
001594,2020-06-12,191,172.12
001594,2020-06-13,0,0
001594,2020-06-14,0,0
001594,2020-06-15,203,185.12
001594,2020-06-16,193,174.63
001594,2020-06-17,194,175.66
001594,2020-06-18,198,179.87
001594,2020-06-19,194,175.61
001594,2020-06-20,0,0
001594,2020-06-21,0,0
001594,2020-06-22,199,180.99
001594,2020-06-23,204,186.39
001594,2020-06-24,191,172.52
001594,2020-06-25,0,0
001594,2020-06-26,0,0
001594,2020-06-27,0,0
001594,2020-06-28,0,0
001594,2020-06-29,193,174.68
001594,2020-06-30,194,175.31
001594,2020-07-01,177,157.25
001594,2020-07-02,155,134.7
001594,2020-07-03,0,0.0
001594,2020-07-04,0,0
001594,2020-07-05,0,0
001594,2020-07-06,0,0.0
001594,2020-07-07,0,0.0
001594,2020-07-08,0,0.0
001594,2020-07-09,0,0.0
001594,2020-07-10,0,0.0
001594,2020-07-11,0,0
001594,2020-07-12,0,0
001594,2020-07-13,0,0.0
001594,2020-07-14,0,0.0
001594,2020-07-15,0,0.0
001594,2020-07-16,0,0.0
001594,2020-07-17,0,0.0
001594,2020-07-18,0,0
001594,2020-07-19,0,0
001594,2020-07-20,0,0.0
001594,2020-07-21,0,0.0
001594,2020-07-22,0,0.0
001594,2020-07-23,0,0.0
001594,2020-07-24,162,140.94
001594,2020-07-25,0,0
001594,2020-07-26,0,0
001594,2020-07-27,166,145.49
001594,2020-07-28,162,141.37
001594,2020-07-29,150,129.24
001594,2020-07-30,159,138.39
001594,2020-07-31,159,138.38
001594,2020-08-01,0,0
001594,2020-08-02,0,0
001594,2020-08-03,153,132.19
001594,2020-08-04,0,0.0
001594,2020-08-05,143,122.12
001594,2020-08-06,0,0.0
001594,2020-08-07,145,123.93
001594,2020-08-08,0,0
001594,2020-08-09,0,0
001594,2020-08-10,0,0.0
001594,2020-08-11,0,0.0
001594,2020-08-12,0,0.0
001594,2020-08-13,0,0.0
001594,2020-08-14,0,0.0
001594,2020-08-15,0,0
001594,2020-08-16,0,0
001594,2020-08-17,0,0.0
001594,2020-08-18,0,0.0
001594,2020-08-19,0,0.0
001594,2020-08-20,0,0.0
001594,2020-08-21,0,0.0
001594,2020-08-22,0,0
001594,2020-08-23,0,0
001594,2020-08-24,0,0.0
001594,2020-08-25,0,0.0
001594,2020-08-26,0,0.0
001594,2020-08-27,0,0.0
001594,2020-08-28,0,0.0
001594,2020-08-29,0,0
001594,2020-08-30,0,0
001594,2020-08-31,0,0.0
001594,2020-09-01,0,0.0
001594,2020-09-02,0,0.0
001594,2020-09-03,0,0.0
001594,2020-09-04,0,0.0
001594,2020-09-05,0,0
001594,2020-09-06,0,0
001594,2020-09-07,0,0.0
001594,2020-09-08,0,0.0
001594,2020-09-09,0,0.0
001594,2020-09-10,0,0.0
001594,2020-09-11,0,0.0
001594,2020-09-12,0,0
001594,2020-09-13,0,0
001594,2020-09-14,0,0.0
001594,2020-09-15,0,0.0
001594,2020-09-16,0,0.0
001594,2020-09-17,0,0.0
001594,2020-09-18,0,0.0
001594,2020-09-19,0,0
001594,2020-09-20,0,0
001594,2020-09-21,0,0.0
001594,2020-09-22,0,0.0
001594,2020-09-23,0,0.0
001594,2020-09-24,151,129.37
001594,2020-09-25,151,129.52
001594,2020-09-26,0,0
001594,2020-09-27,0,0
001594,2020-09-28,146,124.72
001594,2020-09-29,155,133.9
001594,2020-09-30,157,135.88
001594,2020-10-01,0,0
001594,2020-10-02,0,0
001594,2020-10-03,0,0
001594,2020-10-04,0,0
001594,2020-10-05,0,0
001594,2020-10-06,0,0
001594,2020-10-07,0,0
001594,2020-10-08,0,0
001594,2020-10-09,154,133.0
001594,2020-10-10,0,0
001594,2020-10-11,0,0
001594,2020-10-12,0,0.0
001594,2020-10-13,0,0.0
001594,2020-10-14,0,0.0
001594,2020-10-15,0,0.0
001594,2020-10-16,0,0.0
001594,2020-10-17,0,0
001594,2020-10-18,0,0
001594,2020-10-19,0,0.0
001594,2020-10-20,0,0.0
001594,2020-10-21,0,0.0
001594,2020-10-22,0,0.0
001594,2020-10-23,0,0.0
001594,2020-10-24,0,0
001594,2020-10-25,0,0
001594,2020-10-26,0,0.0
001594,2020-10-27,0,0.0
001594,2020-10-28,0,0.0
001594,2020-10-29,0,0.0
001594,2020-10-30,0,0.0
001594,2020-10-31,0,0
001594,2020-11-01,0,0
001594,2020-11-02,0,0.0
001594,2020-11-03,0,0.0
001594,2020-11-04,0,0.0
001594,2020-11-05,0,0.0
001594,2020-11-06,0,0.0
001594,2020-11-07,0,0
001594,2020-11-08,0,0
001594,2020-11-09,0,0.0
001594,2020-11-10,0,0.0
001594,2020-11-11,0,0.0
001594,2020-11-12,0,0.0
001594,2020-11-13,0,0.0
001594,2020-11-14,0,0
001594,2020-11-15,0,0
001594,2020-11-16,0,0.0
001594,2020-11-17,0,0.0
001594,2020-11-18,0,0.0
001594,2020-11-19,0,0.0
001594,2020-11-20,0,0.0
001594,2020-11-21,0,0
001594,2020-11-22,0,0
001594,2020-11-23,0,0.0
001594,2020-11-24,0,0.0
001594,2020-11-25,0,0.0
001594,2020-11-26,0,0.0
001594,2020-11-27,0,0.0
001594,2020-11-28,0,0
001594,2020-11-29,0,0
001594,2020-11-30,0,0.0
001594,2020-12-01,0,0.0
001594,2020-12-02,0,0.0
001594,2020-12-03,0,0.0
001594,2020-12-04,0,0.0
001594,2020-12-05,0,0
001594,2020-12-06,0,0
001594,2020-12-07,0,0.0
001594,2020-12-08,0,0.0
001594,2020-12-09,0,0.0
001594,2020-12-10,0,0.0
001594,2020-12-11,0,0.0
001594,2020-12-12,0,0
001594,2020-12-13,0,0
001594,2020-12-14,0,0.0
001594,2020-12-15,0,0.0
001594,2020-12-16,0,0.0
001594,2020-12-17,0,0.0
001594,2020-12-18,0,0.0
001594,2020-12-19,0,0
001594,2020-12-20,0,0
001594,2020-12-21,0,0.0
