004069,2015-12-23,0,0
004069,2015-12-24,0,0
004069,2015-12-25,0,0
004069,2015-12-26,0,0
004069,2015-12-27,0,0
004069,2015-12-28,0,0
004069,2015-12-29,0,0
004069,2015-12-30,0,0
004069,2015-12-31,0,0
004069,2016-01-01,0,0
004069,2016-01-02,0,0
004069,2016-01-03,0,0
004069,2016-01-04,0,0
004069,2016-01-05,0,0
004069,2016-01-06,0,0
004069,2016-01-07,0,0
004069,2016-01-08,0,0
004069,2016-01-09,0,0
004069,2016-01-10,0,0
004069,2016-01-11,0,0
004069,2016-01-12,0,0
004069,2016-01-13,0,0
004069,2016-01-14,0,0
004069,2016-01-15,0,0
004069,2016-01-16,0,0
004069,2016-01-17,0,0
004069,2016-01-18,0,0
004069,2016-01-19,0,0
004069,2016-01-20,0,0
004069,2016-01-21,0,0
004069,2016-01-22,0,0
004069,2016-01-23,0,0
004069,2016-01-24,0,0
004069,2016-01-25,0,0
004069,2016-01-26,0,0
004069,2016-01-27,0,0
004069,2016-01-28,0,0
004069,2016-01-29,0,0
004069,2016-01-30,0,0
004069,2016-01-31,0,0
004069,2016-02-01,0,0
004069,2016-02-02,0,0
004069,2016-02-03,0,0
004069,2016-02-04,0,0
004069,2016-02-05,0,0
004069,2016-02-06,0,0
004069,2016-02-07,0,0
004069,2016-02-08,0,0
004069,2016-02-09,0,0
004069,2016-02-10,0,0
004069,2016-02-11,0,0
004069,2016-02-12,0,0
004069,2016-02-13,0,0
004069,2016-02-14,0,0
004069,2016-02-15,0,0
004069,2016-02-16,0,0
004069,2016-02-17,0,0
004069,2016-02-18,0,0
004069,2016-02-19,0,0
004069,2016-02-20,0,0
004069,2016-02-21,0,0
004069,2016-02-22,0,0
004069,2016-02-23,0,0
004069,2016-02-24,0,0
004069,2016-02-25,0,0
004069,2016-02-26,0,0
004069,2016-02-27,0,0
004069,2016-02-28,0,0
004069,2016-02-29,0,0
004069,2016-03-01,0,0
004069,2016-03-02,0,0
004069,2016-03-03,0,0
004069,2016-03-04,0,0
004069,2016-03-05,0,0
004069,2016-03-06,0,0
004069,2016-03-07,0,0
004069,2016-03-08,0,0
004069,2016-03-09,0,0
004069,2016-03-10,0,0
004069,2016-03-11,0,0
004069,2016-03-12,0,0
004069,2016-03-13,0,0
004069,2016-03-14,0,0
004069,2016-03-15,0,0
004069,2016-03-16,0,0
004069,2016-03-17,0,0
004069,2016-03-18,0,0
004069,2016-03-19,0,0
004069,2016-03-20,0,0
004069,2016-03-21,0,0
004069,2016-03-22,0,0
004069,2016-03-23,0,0
004069,2016-03-24,0,0
004069,2016-03-25,0,0
004069,2016-03-26,0,0
004069,2016-03-27,0,0
004069,2016-03-28,0,0
004069,2016-03-29,0,0
004069,2016-03-30,0,0
004069,2016-03-31,0,0
004069,2016-04-01,0,0
004069,2016-04-02,0,0
004069,2016-04-03,0,0
004069,2016-04-04,0,0
004069,2016-04-05,0,0
004069,2016-04-06,0,0
004069,2016-04-07,0,0
004069,2016-04-08,0,0
004069,2016-04-09,0,0
004069,2016-04-10,0,0
004069,2016-04-11,0,0
004069,2016-04-12,0,0
004069,2016-04-13,0,0
004069,2016-04-14,0,0
004069,2016-04-15,0,0
004069,2016-04-16,0,0
004069,2016-04-17,0,0
004069,2016-04-18,0,0
004069,2016-04-19,0,0
004069,2016-04-20,0,0
004069,2016-04-21,0,0
004069,2016-04-22,0,0
004069,2016-04-23,0,0
004069,2016-04-24,0,0
004069,2016-04-25,0,0
004069,2016-04-26,0,0
004069,2016-04-27,0,0
004069,2016-04-28,0,0
004069,2016-04-29,0,0
004069,2016-04-30,0,0
004069,2016-05-01,0,0
004069,2016-05-02,0,0
004069,2016-05-03,0,0
004069,2016-05-04,0,0
004069,2016-05-05,0,0
004069,2016-05-06,0,0
004069,2016-05-07,0,0
004069,2016-05-08,0,0
004069,2016-05-09,0,0
004069,2016-05-10,0,0
004069,2016-05-11,0,0
004069,2016-05-12,0,0
004069,2016-05-13,0,0
004069,2016-05-14,0,0
004069,2016-05-15,0,0
004069,2016-05-16,0,0
004069,2016-05-17,0,0
004069,2016-05-18,0,0
004069,2016-05-19,0,0
004069,2016-05-20,0,0
004069,2016-05-21,0,0
004069,2016-05-22,0,0
004069,2016-05-23,0,0
004069,2016-05-24,0,0
004069,2016-05-25,0,0
004069,2016-05-26,0,0
004069,2016-05-27,0,0
004069,2016-05-28,0,0
004069,2016-05-29,0,0
004069,2016-05-30,0,0
004069,2016-05-31,0,0
004069,2016-06-01,0,0
004069,2016-06-02,0,0
004069,2016-06-03,0,0
004069,2016-06-04,0,0
004069,2016-06-05,0,0
004069,2016-06-06,0,0
004069,2016-06-07,0,0
004069,2016-06-08,0,0
004069,2016-06-09,0,0
004069,2016-06-10,0,0
004069,2016-06-11,0,0
004069,2016-06-12,0,0
004069,2016-06-13,0,0
004069,2016-06-14,0,0
004069,2016-06-15,0,0
004069,2016-06-16,0,0
004069,2016-06-17,0,0
004069,2016-06-18,0,0
004069,2016-06-19,0,0
004069,2016-06-20,0,0
004069,2016-06-21,0,0
004069,2016-06-22,0,0
004069,2016-06-23,0,0
004069,2016-06-24,0,0
004069,2016-06-25,0,0
004069,2016-06-26,0,0
004069,2016-06-27,0,0
004069,2016-06-28,0,0
004069,2016-06-29,0,0
004069,2016-06-30,0,0
004069,2016-07-01,0,0
004069,2016-07-02,0,0
004069,2016-07-03,0,0
004069,2016-07-04,0,0
004069,2016-07-05,0,0
004069,2016-07-06,0,0
004069,2016-07-07,0,0
004069,2016-07-08,0,0
004069,2016-07-09,0,0
004069,2016-07-10,0,0
004069,2016-07-11,0,0
004069,2016-07-12,0,0
004069,2016-07-13,0,0
004069,2016-07-14,0,0
004069,2016-07-15,0,0
004069,2016-07-16,0,0
004069,2016-07-17,0,0
004069,2016-07-18,0,0
004069,2016-07-19,0,0
004069,2016-07-20,0,0
004069,2016-07-21,0,0
004069,2016-07-22,0,0
004069,2016-07-23,0,0
004069,2016-07-24,0,0
004069,2016-07-25,0,0
004069,2016-07-26,0,0
004069,2016-07-27,0,0
004069,2016-07-28,0,0
004069,2016-07-29,0,0
004069,2016-07-30,0,0
004069,2016-07-31,0,0
004069,2016-08-01,0,0
004069,2016-08-02,0,0
004069,2016-08-03,0,0
004069,2016-08-04,0,0
004069,2016-08-05,0,0
004069,2016-08-06,0,0
004069,2016-08-07,0,0
004069,2016-08-08,0,0
004069,2016-08-09,0,0
004069,2016-08-10,0,0
004069,2016-08-11,0,0
004069,2016-08-12,0,0
004069,2016-08-13,0,0
004069,2016-08-14,0,0
004069,2016-08-15,0,0
004069,2016-08-16,0,0
004069,2016-08-17,0,0
004069,2016-08-18,0,0
004069,2016-08-19,0,0
004069,2016-08-20,0,0
004069,2016-08-21,0,0
004069,2016-08-22,0,0
004069,2016-08-23,0,0
004069,2016-08-24,0,0
004069,2016-08-25,0,0
004069,2016-08-26,0,0
004069,2016-08-27,0,0
004069,2016-08-28,0,0
004069,2016-08-29,0,0
004069,2016-08-30,0,0
004069,2016-08-31,0,0
004069,2016-09-01,0,0
004069,2016-09-02,0,0
004069,2016-09-03,0,0
004069,2016-09-04,0,0
004069,2016-09-05,0,0
004069,2016-09-06,0,0
004069,2016-09-07,0,0
004069,2016-09-08,0,0
004069,2016-09-09,0,0
004069,2016-09-10,0,0
004069,2016-09-11,0,0
004069,2016-09-12,0,0
004069,2016-09-13,0,0
004069,2016-09-14,0,0
004069,2016-09-15,0,0
004069,2016-09-16,0,0
004069,2016-09-17,0,0
004069,2016-09-18,0,0
004069,2016-09-19,0,0
004069,2016-09-20,0,0
004069,2016-09-21,0,0
004069,2016-09-22,0,0
004069,2016-09-23,0,0
004069,2016-09-24,0,0
004069,2016-09-25,0,0
004069,2016-09-26,0,0
004069,2016-09-27,0,0
004069,2016-09-28,0,0
004069,2016-09-29,0,0
004069,2016-09-30,0,0
004069,2016-10-01,0,0
004069,2016-10-02,0,0
004069,2016-10-03,0,0
004069,2016-10-04,0,0
004069,2016-10-05,0,0
004069,2016-10-06,0,0
004069,2016-10-07,0,0
004069,2016-10-08,0,0
004069,2016-10-09,0,0
004069,2016-10-10,0,0
004069,2016-10-11,0,0
004069,2016-10-12,0,0
004069,2016-10-13,0,0
004069,2016-10-14,0,0
004069,2016-10-15,0,0
004069,2016-10-16,0,0
004069,2016-10-17,0,0
004069,2016-10-18,0,0
004069,2016-10-19,0,0
004069,2016-10-20,0,0
004069,2016-10-21,0,0
004069,2016-10-22,0,0
004069,2016-10-23,0,0
004069,2016-10-24,0,0
004069,2016-10-25,0,0
004069,2016-10-26,0,0
004069,2016-10-27,0,0
004069,2016-10-28,0,0
004069,2016-10-29,0,0
004069,2016-10-30,0,0
004069,2016-10-31,0,0
004069,2016-11-01,0,0
004069,2016-11-02,0,0
004069,2016-11-03,0,0
004069,2016-11-04,0,0
004069,2016-11-05,0,0
004069,2016-11-06,0,0
004069,2016-11-07,0,0
004069,2016-11-08,0,0
004069,2016-11-09,0,0
004069,2016-11-10,0,0
004069,2016-11-11,0,0
004069,2016-11-12,0,0
004069,2016-11-13,0,0
004069,2016-11-14,0,0
004069,2016-11-15,0,0
004069,2016-11-16,0,0
004069,2016-11-17,0,0
004069,2016-11-18,0,0
004069,2016-11-19,0,0
004069,2016-11-20,0,0
004069,2016-11-21,0,0
004069,2016-11-22,0,0
004069,2016-11-23,0,0
004069,2016-11-24,0,0
004069,2016-11-25,0,0
004069,2016-11-26,0,0
004069,2016-11-27,0,0
004069,2016-11-28,0,0
004069,2016-11-29,0,0
004069,2016-11-30,0,0
004069,2016-12-01,0,0
004069,2016-12-02,0,0
004069,2016-12-03,0,0
004069,2016-12-04,0,0
004069,2016-12-05,0,0
004069,2016-12-06,0,0
004069,2016-12-07,0,0
004069,2016-12-08,0,0
004069,2016-12-09,0,0
004069,2016-12-10,0,0
004069,2016-12-11,0,0
004069,2016-12-12,0,0
004069,2016-12-13,0,0
004069,2016-12-14,0,0
004069,2016-12-15,0,0
004069,2016-12-16,0,0
004069,2016-12-17,0,0
004069,2016-12-18,0,0
004069,2016-12-19,0,0
004069,2016-12-20,0,0
004069,2016-12-21,0,0
004069,2016-12-22,0,0
004069,2016-12-23,0,0
004069,2016-12-24,0,0
004069,2016-12-25,0,0
004069,2016-12-26,0,0
004069,2016-12-27,0,0
004069,2016-12-28,0,0
004069,2016-12-29,0,0
004069,2016-12-30,0,0
004069,2016-12-31,0,0
004069,2017-01-01,0,0
004069,2017-01-02,0,0
004069,2017-01-03,0,0
004069,2017-01-04,0,0
004069,2017-01-05,0,0
004069,2017-01-06,0,0
004069,2017-01-07,0,0
004069,2017-01-08,0,0
004069,2017-01-09,0,0
004069,2017-01-10,0,0
004069,2017-01-11,0,0
004069,2017-01-12,0,0
004069,2017-01-13,0,0
004069,2017-01-14,0,0
004069,2017-01-15,0,0
004069,2017-01-16,0,0
004069,2017-01-17,0,0
004069,2017-01-18,0,0
004069,2017-01-19,0,0
004069,2017-01-20,0,0
004069,2017-01-21,0,0
004069,2017-01-22,0,0
004069,2017-01-23,0,0
004069,2017-01-24,0,0
004069,2017-01-25,0,0
004069,2017-01-26,0,0
004069,2017-01-27,0,0
004069,2017-01-28,0,0
004069,2017-01-29,0,0
004069,2017-01-30,0,0
004069,2017-01-31,0,0
004069,2017-02-01,0,0
004069,2017-02-02,0,0
004069,2017-02-03,0,0
004069,2017-02-04,0,0
004069,2017-02-05,0,0
004069,2017-02-06,0,0
004069,2017-02-07,0,0
004069,2017-02-08,0,0
004069,2017-02-09,0,0
004069,2017-02-10,0,0
004069,2017-02-11,0,0
004069,2017-02-12,0,0
004069,2017-02-13,0,0
004069,2017-02-14,0,0
004069,2017-02-15,0,0
004069,2017-02-16,0,0
004069,2017-02-17,0,0
004069,2017-02-18,0,0
004069,2017-02-19,0,0
004069,2017-02-20,0,0
004069,2017-02-21,0,0
004069,2017-02-22,0,0
004069,2017-02-23,0,0
004069,2017-02-24,0,0
004069,2017-02-25,0,0
004069,2017-02-26,0,0
004069,2017-02-27,0,0
004069,2017-02-28,0,0
004069,2017-03-01,0,0
004069,2017-03-02,0,0
004069,2017-03-03,0,0
004069,2017-03-04,0,0
004069,2017-03-05,0,0
004069,2017-03-06,0,0
004069,2017-03-07,0,0
004069,2017-03-08,0,0.0
004069,2017-03-09,0,0
004069,2017-03-10,0,0.0
004069,2017-03-11,0,0
004069,2017-03-12,0,0
004069,2017-03-13,0,0
004069,2017-03-14,0,0
004069,2017-03-15,0,0
004069,2017-03-16,0,0
004069,2017-03-17,0,0.0
004069,2017-03-18,0,0
004069,2017-03-19,0,0
004069,2017-03-20,0,0
004069,2017-03-21,0,0
004069,2017-03-22,0,0
004069,2017-03-23,0,0
004069,2017-03-24,0,0.0
004069,2017-03-25,0,0
004069,2017-03-26,0,0
004069,2017-03-27,0,0
004069,2017-03-28,0,0
004069,2017-03-29,0,0
004069,2017-03-30,0,0.0
004069,2017-03-31,0,0.0
004069,2017-04-01,0,0
004069,2017-04-02,0,0
004069,2017-04-03,0,0
004069,2017-04-04,0,0
004069,2017-04-05,0,0.0
004069,2017-04-06,0,0.0
004069,2017-04-07,0,0.0
004069,2017-04-08,0,0
004069,2017-04-09,0,0
004069,2017-04-10,104,104.37
004069,2017-04-11,0,0.0
004069,2017-04-12,0,0.0
004069,2017-04-13,103,103.05
004069,2017-04-14,109,109.97
004069,2017-04-15,0,0
004069,2017-04-16,0,0
004069,2017-04-17,109,109.97
004069,2017-04-18,117,119.44
004069,2017-04-19,121,123.94
004069,2017-04-20,122,125.3
004069,2017-04-21,117,119.36
004069,2017-04-22,0,0
004069,2017-04-23,0,0
004069,2017-04-24,117,119.35
004069,2017-04-25,123,126.48
004069,2017-04-26,120,123.08
004069,2017-04-27,120,123.05
004069,2017-04-28,120,122.93
004069,2017-04-29,0,0
004069,2017-04-30,0,0
004069,2017-05-01,0,0
004069,2017-05-02,130,134.35
004069,2017-05-03,133,138.12
004069,2017-05-04,138,144.28
004069,2017-05-05,150,159.1
004069,2017-05-06,0,0
004069,2017-05-07,0,0
004069,2017-05-08,152,161.62
004069,2017-05-09,155,165.4
004069,2017-05-10,161,173.04
004069,2017-05-11,158,169.33
004069,2017-05-12,151,160.76
004069,2017-05-13,0,0
004069,2017-05-14,0,0
004069,2017-05-15,145,153.46
004069,2017-05-16,141,148.67
004069,2017-05-17,142,149.88
004069,2017-05-18,151,161.17
004069,2017-05-19,152,162.57
004069,2017-05-20,0,0
004069,2017-05-21,0,0
004069,2017-05-22,162,175.12
004069,2017-05-23,158,170.41
004069,2017-05-24,153,164.29
004069,2017-05-25,124,128.63
004069,2017-05-26,125,129.87
004069,2017-05-27,0,0
004069,2017-05-28,0,0
004069,2017-05-29,0,0
004069,2017-05-30,0,0
004069,2017-05-31,119,122.77
004069,2017-06-01,122,126.37
004069,2017-06-02,124,128.78
004069,2017-06-03,0,0
004069,2017-06-04,0,0
004069,2017-06-05,126,131.26
004069,2017-06-06,124,128.94
004069,2017-06-07,0,0.0
004069,2017-06-08,118,121.78
004069,2017-06-09,120,124.2
004069,2017-06-10,0,0
004069,2017-06-11,0,0
004069,2017-06-12,122,127.66
004069,2017-06-13,118,122.88
004069,2017-06-14,118,122.81
004069,2017-06-15,0,0.0
004069,2017-06-16,113,116.86
004069,2017-06-17,0,0
004069,2017-06-18,0,0
004069,2017-06-19,0,0.0
004069,2017-06-20,0,0.0
004069,2017-06-21,0,0.0
004069,2017-06-22,0,0.0
004069,2017-06-23,0,0.0
004069,2017-06-24,0,0
004069,2017-06-25,0,0
004069,2017-06-26,0,0.0
004069,2017-06-27,0,0.0
004069,2017-06-28,0,0.0
004069,2017-06-29,0,0.0
004069,2017-06-30,0,0.0
004069,2017-07-01,0,0
004069,2017-07-02,0,0
004069,2017-07-03,0,0.0
004069,2017-07-04,0,0.0
004069,2017-07-05,0,0.0
004069,2017-07-06,0,0.0
004069,2017-07-07,0,0.0
004069,2017-07-08,0,0
004069,2017-07-09,0,0
004069,2017-07-10,0,0.0
004069,2017-07-11,0,0.0
004069,2017-07-12,0,0.0
004069,2017-07-13,0,0.0
004069,2017-07-14,0,0.0
004069,2017-07-15,0,0
004069,2017-07-16,0,0
004069,2017-07-17,0,0.0
004069,2017-07-18,0,0.0
004069,2017-07-19,0,0.0
004069,2017-07-20,0,0.0
004069,2017-07-21,0,0.0
004069,2017-07-22,0,0
004069,2017-07-23,0,0
004069,2017-07-24,0,0.0
004069,2017-07-25,0,0.0
004069,2017-07-26,0,0.0
004069,2017-07-27,0,0.0
004069,2017-07-28,0,0.0
004069,2017-07-29,0,0
004069,2017-07-30,0,0
004069,2017-07-31,0,0.0
004069,2017-08-01,0,0.0
004069,2017-08-02,0,0.0
004069,2017-08-03,0,0.0
004069,2017-08-04,0,0.0
004069,2017-08-05,0,0
004069,2017-08-06,0,0
004069,2017-08-07,0,0.0
004069,2017-08-08,0,0.0
004069,2017-08-09,0,0.0
004069,2017-08-10,0,0.0
004069,2017-08-11,0,0.0
004069,2017-08-12,0,0
004069,2017-08-13,0,0
004069,2017-08-14,0,0.0
004069,2017-08-15,0,0.0
004069,2017-08-16,0,0.0
004069,2017-08-17,0,0.0
004069,2017-08-18,0,0.0
004069,2017-08-19,0,0
004069,2017-08-20,0,0
004069,2017-08-21,0,0.0
004069,2017-08-22,0,0.0
004069,2017-08-23,0,0.0
004069,2017-08-24,0,0.0
004069,2017-08-25,0,0.0
004069,2017-08-26,0,0
004069,2017-08-27,0,0
004069,2017-08-28,0,0.0
004069,2017-08-29,0,0.0
004069,2017-08-30,0,0.0
004069,2017-08-31,0,0.0
004069,2017-09-01,0,0.0
004069,2017-09-02,0,0
004069,2017-09-03,0,0
004069,2017-09-04,0,0.0
004069,2017-09-05,0,0.0
004069,2017-09-06,0,0.0
004069,2017-09-07,0,0.0
004069,2017-09-08,0,0.0
004069,2017-09-09,0,0
004069,2017-09-10,0,0
004069,2017-09-11,0,0.0
004069,2017-09-12,0,0.0
004069,2017-09-13,0,0.0
004069,2017-09-14,0,0.0
004069,2017-09-15,0,0.0
004069,2017-09-16,0,0
004069,2017-09-17,0,0
004069,2017-09-18,0,0.0
004069,2017-09-19,0,0.0
004069,2017-09-20,0,0.0
004069,2017-09-21,0,0.0
004069,2017-09-22,0,0.0
004069,2017-09-23,0,0
004069,2017-09-24,0,0
004069,2017-09-25,0,0.0
004069,2017-09-26,0,0.0
004069,2017-09-27,0,0.0
004069,2017-09-28,0,0.0
004069,2017-09-29,0,0.0
004069,2017-09-30,0,0
004069,2017-10-01,0,0
004069,2017-10-02,0,0
004069,2017-10-03,0,0
004069,2017-10-04,0,0
004069,2017-10-05,0,0
004069,2017-10-06,0,0
004069,2017-10-07,0,0
004069,2017-10-08,0,0
004069,2017-10-09,0,0.0
004069,2017-10-10,0,0.0
004069,2017-10-11,0,0.0
004069,2017-10-12,0,0.0
004069,2017-10-13,0,0.0
004069,2017-10-14,0,0
004069,2017-10-15,0,0
004069,2017-10-16,0,0.0
004069,2017-10-17,0,0.0
004069,2017-10-18,0,0.0
004069,2017-10-19,0,0.0
004069,2017-10-20,0,0.0
004069,2017-10-21,0,0
004069,2017-10-22,0,0
004069,2017-10-23,0,0.0
004069,2017-10-24,0,0.0
004069,2017-10-25,0,0.0
004069,2017-10-26,0,0.0
004069,2017-10-27,0,0.0
004069,2017-10-28,0,0
004069,2017-10-29,0,0
004069,2017-10-30,0,0.0
004069,2017-10-31,115,114.63
004069,2017-11-01,119,119.26
004069,2017-11-02,116,115.63
004069,2017-11-03,117,116.81
004069,2017-11-04,0,0
004069,2017-11-05,0,0
004069,2017-11-06,120,120.24
004069,2017-11-07,0,0.0
004069,2017-11-08,0,0.0
004069,2017-11-09,0,0.0
004069,2017-11-10,0,0.0
004069,2017-11-11,0,0
004069,2017-11-12,0,0
004069,2017-11-13,0,0.0
004069,2017-11-14,0,0.0
004069,2017-11-15,0,0.0
004069,2017-11-16,121,121.4
004069,2017-11-17,114,113.08
004069,2017-11-18,0,0
004069,2017-11-19,0,0
004069,2017-11-20,125,125.81
004069,2017-11-21,0,0.0
004069,2017-11-22,0,0.0
004069,2017-11-23,0,0.0
004069,2017-11-24,0,0.0
004069,2017-11-25,0,0
004069,2017-11-26,0,0
004069,2017-11-27,0,0.0
004069,2017-11-28,0,0.0
004069,2017-11-29,0,0.0
004069,2017-11-30,114,112.93
004069,2017-12-01,117,116.33
004069,2017-12-02,0,0
004069,2017-12-03,0,0
004069,2017-12-04,124,124.26
004069,2017-12-05,116,115.09
004069,2017-12-06,116,115.16
004069,2017-12-07,127,127.92
004069,2017-12-08,129,130.29
004069,2017-12-09,0,0
004069,2017-12-10,0,0
004069,2017-12-11,123,123.78
004069,2017-12-12,136,139.14
004069,2017-12-13,136,139.05
004069,2017-12-14,149,154.76
004069,2017-12-15,155,162.12
004069,2017-12-16,0,0
004069,2017-12-17,0,0
004069,2017-12-18,159,167.07
004069,2017-12-19,154,161.0
004069,2017-12-20,167,176.98
004069,2017-12-21,162,170.87
004069,2017-12-22,171,181.93
004069,2017-12-23,0,0
004069,2017-12-24,0,0
004069,2017-12-25,187,201.77
004069,2017-12-26,177,189.37
004069,2017-12-27,190,205.69
004069,2017-12-28,183,197.09
004069,2017-12-29,181,194.62
004069,2017-12-30,0,0
004069,2017-12-31,181,194.64
004069,2018-01-01,0,0
004069,2018-01-02,167,177.13
004069,2018-01-03,153,160.03
004069,2018-01-04,156,163.69
004069,2018-01-05,152,158.88
004069,2018-01-06,0,0
004069,2018-01-07,0,0
004069,2018-01-08,135,138.31
004069,2018-01-09,142,146.63
004069,2018-01-10,144,149.05
004069,2018-01-11,147,152.79
004069,2018-01-12,150,156.32
004069,2018-01-13,0,0
004069,2018-01-14,0,0
004069,2018-01-15,165,174.6
004069,2018-01-16,143,147.94
004069,2018-01-17,119,119.51
004069,2018-01-18,0,0.0
004069,2018-01-19,0,0.0
004069,2018-01-20,0,0
004069,2018-01-21,0,0
004069,2018-01-22,0,0.0
004069,2018-01-23,0,0.0
004069,2018-01-24,0,0.0
004069,2018-01-25,0,0.0
004069,2018-01-26,0,0.0
004069,2018-01-27,0,0
004069,2018-01-28,0,0
004069,2018-01-29,0,0.0
004069,2018-01-30,0,0.0
004069,2018-01-31,122,122.53
004069,2018-02-01,129,130.81
004069,2018-02-02,131,133.08
004069,2018-02-03,0,0
004069,2018-02-04,0,0
004069,2018-02-05,126,127.32
004069,2018-02-06,166,175.29
004069,2018-02-07,178,190.35
004069,2018-02-08,183,196.65
004069,2018-02-09,281,324.37
004069,2018-02-10,0,0
004069,2018-02-11,0,0
004069,2018-02-12,285,329.9
004069,2018-02-13,272,312.5
004069,2018-02-14,273,313.65
004069,2018-02-15,0,0
004069,2018-02-16,0,0
004069,2018-02-17,0,0
004069,2018-02-18,0,0
004069,2018-02-19,0,0
004069,2018-02-20,0,0
004069,2018-02-21,0,0
004069,2018-02-22,256,291.47
004069,2018-02-23,247,279.54
004069,2018-02-24,0,0
004069,2018-02-25,0,0
004069,2018-02-26,213,235.54
004069,2018-02-27,228,254.98
004069,2018-02-28,235,264.1
004069,2018-03-01,230,257.59
004069,2018-03-02,244,276.14
004069,2018-03-03,0,0
004069,2018-03-04,0,0
004069,2018-03-05,242,273.69
004069,2018-03-06,214,237.25
004069,2018-03-07,227,254.2
004069,2018-03-08,223,248.94
004069,2018-03-09,201,220.73
004069,2018-03-10,0,0
004069,2018-03-11,0,0
004069,2018-03-12,185,200.43
004069,2018-03-13,204,224.64
004069,2018-03-14,214,237.54
004069,2018-03-15,217,241.35
004069,2018-03-16,233,262.39
004069,2018-03-17,0,0
004069,2018-03-18,0,0
004069,2018-03-19,229,257.27
004069,2018-03-20,230,258.6
004069,2018-03-21,226,253.56
004069,2018-03-22,227,254.91
004069,2018-03-23,308,364.37
004069,2018-03-24,0,0
004069,2018-03-25,0,0
004069,2018-03-26,297,349.17
004069,2018-03-27,272,315.51
004069,2018-03-28,290,340.1
004069,2018-03-29,255,292.8
004069,2018-03-30,247,282.22
004069,2018-03-31,0,0
004069,2018-04-01,0,0
004069,2018-04-02,234,264.62
004069,2018-04-03,233,263.16
004069,2018-04-04,246,280.5
004069,2018-04-05,0,0
004069,2018-04-06,0,0
004069,2018-04-07,0,0
004069,2018-04-08,0,0
004069,2018-04-09,238,269.9
004069,2018-04-10,214,238.63
004069,2018-04-11,220,246.75
004069,2018-04-12,231,261.13
004069,2018-04-13,245,279.84
004069,2018-04-14,0,0
004069,2018-04-15,0,0
004069,2018-04-16,278,324.35
004069,2018-04-17,277,322.96
004069,2018-04-18,254,292.02
004069,2018-04-19,246,281.3
004069,2018-04-20,300,354.57
004069,2018-04-21,0,0
004069,2018-04-22,0,0
004069,2018-04-23,284,332.63
004069,2018-04-24,245,280.06
004069,2018-04-25,253,290.84
004069,2018-04-26,288,338.11
004069,2018-04-27,265,306.57
004069,2018-04-28,0,0
004069,2018-04-29,0,0
004069,2018-04-30,0,0
004069,2018-05-01,0,0
004069,2018-05-02,261,300.97
004069,2018-05-03,225,253.38
004069,2018-05-04,236,268.0
004069,2018-05-05,0,0
004069,2018-05-06,0,0
004069,2018-05-07,222,249.47
004069,2018-05-08,216,241.8
004069,2018-05-09,230,260.09
004069,2018-05-10,220,247.02
004069,2018-05-11,237,269.53
004069,2018-05-12,0,0
004069,2018-05-13,0,0
004069,2018-05-14,230,260.45
004069,2018-05-15,236,268.27
004069,2018-05-16,253,290.97
004069,2018-05-17,263,304.61
004069,2018-05-18,245,280.38
004069,2018-05-19,0,0
004069,2018-05-20,0,0
004069,2018-05-21,235,267.23
004069,2018-05-22,243,278.0
004069,2018-05-23,260,300.75
004069,2018-05-24,270,314.5
004069,2018-05-25,289,340.4
004069,2018-05-26,0,0
004069,2018-05-27,0,0
004069,2018-05-28,287,338.08
004069,2018-05-29,315,376.61
004069,2018-05-30,394,488.77
004069,2018-05-31,359,438.71
004069,2018-06-01,350,426.21
004069,2018-06-02,0,0
004069,2018-06-03,0,0
004069,2018-06-04,361,441.7
004069,2018-06-05,349,424.99
004069,2018-06-06,351,428.05
004069,2018-06-07,335,405.62
004069,2018-06-08,382,472.95
004069,2018-06-09,0,0
004069,2018-06-10,0,0
004069,2018-06-11,366,451.8
004069,2018-06-12,357,439.06
004069,2018-06-13,396,495.62
004069,2018-06-14,378,469.86
004069,2018-06-15,406,510.63
004069,2018-06-16,0,0
004069,2018-06-17,0,0
004069,2018-06-18,0,0
004069,2018-06-19,615,827.84
004069,2018-06-20,622,839.18
004069,2018-06-21,748,1040.33
004069,2018-06-22,679,930.26
004069,2018-06-23,0,0
004069,2018-06-24,0,0
004069,2018-06-25,725,1005.27
004069,2018-06-26,682,937.07
004069,2018-06-27,717,994.04
004069,2018-06-28,668,915.95
004069,2018-06-29,582,780.89
004069,2018-06-30,579,776.97
004069,2018-07-01,0,0
004069,2018-07-02,668,918.21
004069,2018-07-03,609,825.43
004069,2018-07-04,658,903.6
004069,2018-07-05,700,971.82
004069,2018-07-06,670,923.76
004069,2018-07-07,0,0
004069,2018-07-08,0,0
004069,2018-07-09,598,810.08
004069,2018-07-10,597,809.05
004069,2018-07-11,713,995.12
004069,2018-07-12,597,810.26
004069,2018-07-13,603,820.74
004069,2018-07-14,0,0
004069,2018-07-15,0,0
004069,2018-07-16,610,833.33
004069,2018-07-17,633,870.46
004069,2018-07-18,657,909.59
004069,2018-07-19,671,932.85
004069,2018-07-20,555,748.79
004069,2018-07-21,0,0
004069,2018-07-22,0,0
004069,2018-07-23,509,678.12
004069,2018-07-24,457,598.64
004069,2018-07-25,473,623.43
004069,2018-07-26,491,651.8
004069,2018-07-27,506,675.57
004069,2018-07-28,0,0
004069,2018-07-29,0,0
004069,2018-07-30,519,696.36
004069,2018-07-31,509,681.67
004069,2018-08-01,576,787.21
004069,2018-08-02,673,944.43
004069,2018-08-03,702,992.65
004069,2018-08-04,0,0
004069,2018-08-05,0,0
004069,2018-08-06,754,1079.92
004069,2018-08-07,628,874.16
004069,2018-08-08,689,974.95
004069,2018-08-09,615,854.88
004069,2018-08-10,608,844.56
004069,2018-08-11,0,0
004069,2018-08-12,0,0
004069,2018-08-13,624,871.27
004069,2018-08-14,625,874.13
004069,2018-08-15,698,995.01
004069,2018-08-16,654,923.34
004069,2018-08-17,692,986.88
004069,2018-08-18,0,0
004069,2018-08-19,0,0
004069,2018-08-20,621,870.97
004069,2018-08-21,596,831.24
004069,2018-08-22,613,859.27
004069,2018-08-23,584,812.8
004069,2018-08-24,565,782.12
004069,2018-08-25,0,0
004069,2018-08-26,0,0
004069,2018-08-27,520,710.97
004069,2018-08-28,535,735.9
004069,2018-08-29,538,743.81
004069,2018-08-30,576,807.4
004069,2018-08-31,557,777.61
004069,2018-09-01,0,0
004069,2018-09-02,0,0
004069,2018-09-03,567,794.67
004069,2018-09-04,535,743.37
004069,2018-09-05,582,820.64
004069,2018-09-06,588,831.68
004069,2018-09-07,579,817.8
004069,2018-09-08,0,0
004069,2018-09-09,0,0
004069,2018-09-10,682,990.99
004069,2018-09-11,658,951.42
004069,2018-09-12,637,917.47
004069,2018-09-13,584,830.02
004069,2018-09-14,598,854.16
004069,2018-09-15,0,0
004069,2018-09-16,0,0
004069,2018-09-17,610,875.18
004069,2018-09-18,544,766.95
004069,2018-09-19,521,730.0
004069,2018-09-20,523,733.83
004069,2018-09-21,453,621.57
004069,2018-09-22,0,0
004069,2018-09-23,0,0
004069,2018-09-24,0,0
004069,2018-09-25,481,667.41
004069,2018-09-26,462,637.59
004069,2018-09-27,478,664.07
004069,2018-09-28,452,622.85
004069,2018-09-29,0,0
004069,2018-09-30,0,0
004069,2018-10-01,0,0
004069,2018-10-02,0,0
004069,2018-10-03,0,0
004069,2018-10-04,0,0
004069,2018-10-05,0,0
004069,2018-10-06,0,0
004069,2018-10-07,0,0
004069,2018-10-08,554,792.11
004069,2018-10-09,534,764.6
004069,2018-10-10,540,770.55
004069,2018-10-11,830,1271.45
004069,2018-10-12,926,1445.75
004069,2018-10-13,0,0
004069,2018-10-14,0,0
004069,2018-10-15,989,1563.88
004069,2018-10-16,1026,1634.02
004069,2018-10-17,950,1495.83
004069,2018-10-18,1050,1682.15
004069,2018-10-19,861,1336.33
004069,2018-10-20,0,0
004069,2018-10-21,0,0
004069,2018-10-22,492,697.18
004069,2018-10-23,496,704.25
004069,2018-10-24,433,601.56
004069,2018-10-25,343,458.92
004069,2018-10-26,397,544.66
004069,2018-10-27,0,0
004069,2018-10-28,0,0
004069,2018-10-29,423,585.06
004069,2018-10-30,322,425.76
004069,2018-10-31,352,470.4
004069,2018-11-01,328,433.86
004069,2018-11-02,281,362.53
004069,2018-11-03,0,0
004069,2018-11-04,0,0
004069,2018-11-05,278,358.57
004069,2018-11-06,289,375.62
004069,2018-11-07,321,424.72
004069,2018-11-08,348,467.49
004069,2018-11-09,346,464.49
004069,2018-11-10,0,0
004069,2018-11-11,0,0
004069,2018-11-12,310,409.19
004069,2018-11-13,267,343.94
004069,2018-11-14,291,380.49
004069,2018-11-15,244,310.31
004069,2018-11-16,209,259.63
004069,2018-11-17,0,0
004069,2018-11-18,0,0
004069,2018-11-19,175,211.2
004069,2018-11-20,227,286.15
004069,2018-11-21,223,280.61
004069,2018-11-22,235,298.37
004069,2018-11-23,280,366.11
004069,2018-11-24,0,0
004069,2018-11-25,0,0
004069,2018-11-26,286,375.53
004069,2018-11-27,279,365.28
004069,2018-11-28,239,305.43
004069,2018-11-29,289,381.02
004069,2018-11-30,262,340.3
004069,2018-12-01,0,0
004069,2018-12-02,0,0
004069,2018-12-03,221,279.32
004069,2018-12-04,206,257.66
004069,2018-12-05,222,281.4
004069,2018-12-06,259,337.11
004069,2018-12-07,253,328.32
004069,2018-12-08,0,0
004069,2018-12-09,0,0
004069,2018-12-10,265,348.27
004069,2018-12-11,257,336.65
004069,2018-12-12,252,329.2
004069,2018-12-13,235,303.7
004069,2018-12-14,278,369.53
004069,2018-12-15,0,0
004069,2018-12-16,0,0
004069,2018-12-17,255,337.26
004069,2018-12-18,279,374.85
004069,2018-12-19,293,396.91
004069,2018-12-20,276,370.52
004069,2018-12-21,304,415.07
004069,2018-12-22,0,0
004069,2018-12-23,0,0
004069,2018-12-24,321,442.03
004069,2018-12-25,363,510.48
004069,2018-12-26,376,531.9
004069,2018-12-27,379,537.21
004069,2018-12-28,336,467.51
004069,2018-12-29,0,0
004069,2018-12-30,0,0
004069,2018-12-31,332,461.95
004069,2019-01-01,0,0
004069,2019-01-02,335,467.29
004069,2019-01-03,293,400.27
004069,2019-01-04,198,254.17
004069,2019-01-05,0,0
004069,2019-01-06,0,0
004069,2019-01-07,196,251.31
004069,2019-01-08,191,244.12
004069,2019-01-09,188,239.89
004069,2019-01-10,200,257.93
004069,2019-01-11,192,246.15
004069,2019-01-12,0,0
004069,2019-01-13,0,0
004069,2019-01-14,195,250.87
004069,2019-01-15,167,209.8
004069,2019-01-16,176,223.07
004069,2019-01-17,185,236.69
004069,2019-01-18,171,216.15
004069,2019-01-19,0,0
004069,2019-01-20,0,0
004069,2019-01-21,177,225.02
004069,2019-01-22,192,247.55
004069,2019-01-23,193,249.19
004069,2019-01-24,175,222.62
004069,2019-01-25,178,227.16
004069,2019-01-26,0,0
004069,2019-01-27,0,0
004069,2019-01-28,179,228.93
004069,2019-01-29,188,242.58
004069,2019-01-30,202,263.81
004069,2019-01-31,187,241.51
004069,2019-02-01,0,0.0
004069,2019-02-02,0,0
004069,2019-02-03,0,0
004069,2019-02-04,0,0
004069,2019-02-05,0,0
004069,2019-02-06,0,0
004069,2019-02-07,0,0
004069,2019-02-08,0,0
004069,2019-02-09,0,0
004069,2019-02-10,0,0
004069,2019-02-11,0,0.0
004069,2019-02-12,0,0.0
004069,2019-02-13,0,0.0
004069,2019-02-14,0,0.0
004069,2019-02-15,0,0.0
004069,2019-02-16,0,0
004069,2019-02-17,0,0
004069,2019-02-18,0,0.0
004069,2019-02-19,0,0.0
004069,2019-02-20,0,0.0
004069,2019-02-21,0,0.0
004069,2019-02-22,0,0.0
004069,2019-02-23,0,0
004069,2019-02-24,0,0
004069,2019-02-25,0,0.0
004069,2019-02-26,0,0.0
004069,2019-02-27,0,0.0
004069,2019-02-28,0,0.0
004069,2019-03-01,0,0.0
004069,2019-03-02,0,0
004069,2019-03-03,0,0
004069,2019-03-04,0,0.0
004069,2019-03-05,0,0.0
004069,2019-03-06,0,0.0
004069,2019-03-07,0,0.0
004069,2019-03-08,0,0.0
004069,2019-03-09,0,0
004069,2019-03-10,0,0
004069,2019-03-11,0,0.0
004069,2019-03-12,0,0.0
004069,2019-03-13,0,0.0
004069,2019-03-14,0,0.0
004069,2019-03-15,0,0.0
004069,2019-03-16,0,0
004069,2019-03-17,0,0
004069,2019-03-18,0,0.0
004069,2019-03-19,0,0.0
004069,2019-03-20,0,0.0
004069,2019-03-21,0,0.0
004069,2019-03-22,0,0.0
004069,2019-03-23,0,0
004069,2019-03-24,0,0
004069,2019-03-25,0,0.0
004069,2019-03-26,0,0.0
004069,2019-03-27,0,0.0
004069,2019-03-28,0,0.0
004069,2019-03-29,0,0.0
004069,2019-03-30,0,0
004069,2019-03-31,0,0
004069,2019-04-01,0,0.0
004069,2019-04-02,0,0.0
004069,2019-04-03,0,0.0
004069,2019-04-04,0,0.0
004069,2019-04-05,0,0
004069,2019-04-06,0,0
004069,2019-04-07,0,0
004069,2019-04-08,0,0.0
004069,2019-04-09,0,0.0
004069,2019-04-10,0,0.0
004069,2019-04-11,0,0.0
004069,2019-04-12,0,0.0
004069,2019-04-13,0,0
004069,2019-04-14,0,0
004069,2019-04-15,0,0.0
004069,2019-04-16,0,0.0
004069,2019-04-17,0,0.0
004069,2019-04-18,0,0.0
004069,2019-04-19,0,0.0
004069,2019-04-20,0,0
004069,2019-04-21,0,0
004069,2019-04-22,0,0.0
004069,2019-04-23,0,0.0
004069,2019-04-24,0,0.0
004069,2019-04-25,0,0.0
004069,2019-04-26,0,0.0
004069,2019-04-27,0,0
004069,2019-04-28,0,0
004069,2019-04-29,0,0.0
004069,2019-04-30,0,0.0
004069,2019-05-01,0,0
004069,2019-05-02,0,0
004069,2019-05-03,0,0
004069,2019-05-04,0,0
004069,2019-05-05,0,0
004069,2019-05-06,0,0.0
004069,2019-05-07,0,0.0
004069,2019-05-08,0,0.0
004069,2019-05-09,0,0.0
004069,2019-05-10,0,0.0
004069,2019-05-11,0,0
004069,2019-05-12,0,0
004069,2019-05-13,0,0.0
004069,2019-05-14,0,0.0
004069,2019-05-15,0,0.0
004069,2019-05-16,0,0.0
004069,2019-05-17,0,0.0
004069,2019-05-18,0,0
004069,2019-05-19,0,0
004069,2019-05-20,0,0.0
004069,2019-05-21,0,0.0
004069,2019-05-22,0,0.0
004069,2019-05-23,0,0.0
004069,2019-05-24,0,0.0
004069,2019-05-25,0,0
004069,2019-05-26,0,0
004069,2019-05-27,0,0.0
004069,2019-05-28,0,0.0
004069,2019-05-29,0,0.0
004069,2019-05-30,0,0.0
004069,2019-05-31,0,0.0
004069,2019-06-01,0,0
004069,2019-06-02,0,0
004069,2019-06-03,0,0.0
004069,2019-06-04,0,0.0
004069,2019-06-05,0,0.0
004069,2019-06-06,0,0.0
004069,2019-06-07,0,0
004069,2019-06-08,0,0
004069,2019-06-09,0,0
004069,2019-06-10,0,0.0
004069,2019-06-11,0,0.0
004069,2019-06-12,0,0.0
004069,2019-06-13,0,0.0
004069,2019-06-14,0,0.0
004069,2019-06-15,0,0
004069,2019-06-16,0,0
004069,2019-06-17,0,0.0
004069,2019-06-18,0,0.0
004069,2019-06-19,0,0.0
004069,2019-06-20,0,0.0
004069,2019-06-21,0,0.0
004069,2019-06-22,0,0
004069,2019-06-23,0,0
004069,2019-06-24,0,0.0
004069,2019-06-25,0,0.0
004069,2019-06-26,0,0.0
004069,2019-06-27,0,0.0
004069,2019-06-28,0,0.0
004069,2019-06-29,0,0
004069,2019-06-30,0,0.0
004069,2019-07-01,0,0.0
004069,2019-07-02,0,0.0
004069,2019-07-03,0,0.0
004069,2019-07-04,0,0.0
004069,2019-07-05,0,0.0
004069,2019-07-06,0,0
004069,2019-07-07,0,0
004069,2019-07-08,0,0.0
004069,2019-07-09,0,0.0
004069,2019-07-10,0,0.0
004069,2019-07-11,0,0.0
004069,2019-07-12,0,0.0
004069,2019-07-13,0,0
004069,2019-07-14,0,0
004069,2019-07-15,0,0.0
004069,2019-07-16,0,0.0
004069,2019-07-17,0,0.0
004069,2019-07-18,0,0.0
004069,2019-07-19,0,0.0
004069,2019-07-20,0,0
004069,2019-07-21,0,0
004069,2019-07-22,0,0.0
004069,2019-07-23,0,0.0
004069,2019-07-24,0,0.0
004069,2019-07-25,0,0.0
004069,2019-07-26,0,0.0
004069,2019-07-27,0,0
004069,2019-07-28,0,0
004069,2019-07-29,0,0.0
004069,2019-07-30,0,0.0
004069,2019-07-31,0,0.0
004069,2019-08-01,0,0.0
004069,2019-08-02,0,0.0
004069,2019-08-03,0,0
004069,2019-08-04,0,0
004069,2019-08-05,0,0.0
004069,2019-08-06,0,0.0
004069,2019-08-07,0,0.0
004069,2019-08-08,0,0.0
004069,2019-08-09,0,0.0
004069,2019-08-10,0,0
004069,2019-08-11,0,0
004069,2019-08-12,0,0.0
004069,2019-08-13,0,0.0
004069,2019-08-14,0,0.0
004069,2019-08-15,0,0.0
004069,2019-08-16,0,0.0
004069,2019-08-17,0,0
004069,2019-08-18,0,0
004069,2019-08-19,0,0.0
004069,2019-08-20,0,0.0
004069,2019-08-21,0,0.0
004069,2019-08-22,0,0.0
004069,2019-08-23,0,0.0
004069,2019-08-24,0,0
004069,2019-08-25,0,0
004069,2019-08-26,0,0.0
004069,2019-08-27,0,0.0
004069,2019-08-28,0,0.0
004069,2019-08-29,0,0.0
004069,2019-08-30,0,0.0
004069,2019-08-31,0,0
004069,2019-09-01,0,0
004069,2019-09-02,0,0.0
004069,2019-09-03,0,0.0
004069,2019-09-04,0,0.0
004069,2019-09-05,0,0.0
004069,2019-09-06,0,0.0
004069,2019-09-07,0,0
004069,2019-09-08,0,0
004069,2019-09-09,0,0.0
004069,2019-09-10,0,0.0
004069,2019-09-11,0,0.0
004069,2019-09-12,0,0.0
004069,2019-09-13,0,0
004069,2019-09-14,0,0
004069,2019-09-15,0,0
004069,2019-09-16,0,0.0
004069,2019-09-17,0,0.0
004069,2019-09-18,0,0.0
004069,2019-09-19,0,0.0
004069,2019-09-20,0,0.0
004069,2019-09-21,0,0
004069,2019-09-22,0,0
004069,2019-09-23,0,0.0
004069,2019-09-24,0,0.0
004069,2019-09-25,0,0.0
004069,2019-09-26,0,0.0
004069,2019-09-27,0,0.0
004069,2019-09-28,0,0
004069,2019-09-29,0,0
004069,2019-09-30,0,0.0
004069,2019-10-01,0,0
004069,2019-10-02,0,0
004069,2019-10-03,0,0
004069,2019-10-04,0,0
004069,2019-10-05,0,0
004069,2019-10-06,0,0
004069,2019-10-07,0,0
004069,2019-10-08,0,0.0
004069,2019-10-09,0,0.0
004069,2019-10-10,0,0.0
004069,2019-10-11,0,0.0
004069,2019-10-12,0,0
004069,2019-10-13,0,0
004069,2019-10-14,0,0.0
004069,2019-10-15,0,0.0
004069,2019-10-16,0,0.0
004069,2019-10-17,0,0.0
004069,2019-10-18,0,0.0
004069,2019-10-19,0,0
004069,2019-10-20,0,0
004069,2019-10-21,0,0.0
004069,2019-10-22,0,0.0
004069,2019-10-23,0,0.0
004069,2019-10-24,0,0.0
004069,2019-10-25,0,0.0
004069,2019-10-26,0,0
004069,2019-10-27,0,0
004069,2019-10-28,0,0.0
004069,2019-10-29,0,0.0
004069,2019-10-30,0,0.0
004069,2019-10-31,0,0.0
004069,2019-11-01,0,0.0
004069,2019-11-02,0,0
004069,2019-11-03,0,0
004069,2019-11-04,0,0.0
004069,2019-11-05,0,0.0
004069,2019-11-06,0,0.0
004069,2019-11-07,0,0.0
004069,2019-11-08,0,0.0
004069,2019-11-09,0,0
004069,2019-11-10,0,0
004069,2019-11-11,0,0.0
004069,2019-11-12,0,0.0
004069,2019-11-13,122,133.61
004069,2019-11-14,121,132.41
004069,2019-11-15,129,142.62
004069,2019-11-16,0,0
004069,2019-11-17,0,0
004069,2019-11-18,119,129.81
004069,2019-11-19,0,0.0
004069,2019-11-20,125,137.39
004069,2019-11-21,125,137.32
004069,2019-11-22,127,139.94
004069,2019-11-23,0,0
004069,2019-11-24,0,0
004069,2019-11-25,123,134.87
004069,2019-11-26,124,135.89
004069,2019-11-27,130,143.63
004069,2019-11-28,131,144.8
004069,2019-11-29,128,140.91
004069,2019-11-30,0,0
004069,2019-12-01,0,0
004069,2019-12-02,123,134.5
004069,2019-12-03,118,128.21
004069,2019-12-04,120,130.76
004069,2019-12-05,0,0.0
004069,2019-12-06,0,0.0
004069,2019-12-07,0,0
004069,2019-12-08,0,0
004069,2019-12-09,0,0.0
004069,2019-12-10,0,0.0
004069,2019-12-11,0,0.0
004069,2019-12-12,115,123.88
004069,2019-12-13,0,0.0
004069,2019-12-14,0,0
004069,2019-12-15,0,0
004069,2019-12-16,0,0.0
004069,2019-12-17,0,0.0
004069,2019-12-18,0,0.0
004069,2019-12-19,0,0.0
004069,2019-12-20,0,0.0
004069,2019-12-21,0,0
004069,2019-12-22,0,0
004069,2019-12-23,0,0.0
004069,2019-12-24,0,0.0
004069,2019-12-25,0,0.0
004069,2019-12-26,0,0.0
004069,2019-12-27,0,0.0
004069,2019-12-28,0,0
004069,2019-12-29,0,0
004069,2019-12-30,0,0.0
004069,2019-12-31,0,0.0
004069,2020-01-01,0,0
004069,2020-01-02,0,0.0
004069,2020-01-03,0,0.0
004069,2020-01-04,0,0
004069,2020-01-05,0,0
004069,2020-01-06,0,0.0
004069,2020-01-07,0,0.0
004069,2020-01-08,0,0.0
004069,2020-01-09,0,0.0
004069,2020-01-10,0,0.0
004069,2020-01-11,0,0
004069,2020-01-12,0,0
004069,2020-01-13,0,0.0
004069,2020-01-14,0,0.0
004069,2020-01-15,0,0.0
004069,2020-01-16,0,0.0
004069,2020-01-17,0,0.0
004069,2020-01-18,0,0
004069,2020-01-19,0,0
004069,2020-01-20,0,0.0
004069,2020-01-21,0,0.0
004069,2020-01-22,0,0.0
004069,2020-01-23,0,0.0
004069,2020-01-24,0,0
004069,2020-01-25,0,0
004069,2020-01-26,0,0
004069,2020-01-27,0,0
004069,2020-01-28,0,0
004069,2020-01-29,0,0
004069,2020-01-30,0,0
004069,2020-01-31,0,0
004069,2020-02-01,0,0
004069,2020-02-02,0,0
004069,2020-02-03,136,149.48
004069,2020-02-04,137,150.78
004069,2020-02-05,127,138.01
004069,2020-02-06,0,0.0
004069,2020-02-07,0,0.0
004069,2020-02-08,0,0
004069,2020-02-09,0,0
004069,2020-02-10,0,0.0
004069,2020-02-11,0,0.0
004069,2020-02-12,0,0.0
004069,2020-02-13,0,0.0
004069,2020-02-14,0,0.0
004069,2020-02-15,0,0
004069,2020-02-16,0,0
004069,2020-02-17,0,0.0
004069,2020-02-18,0,0.0
004069,2020-02-19,0,0.0
004069,2020-02-20,0,0.0
004069,2020-02-21,0,0.0
004069,2020-02-22,0,0
004069,2020-02-23,0,0
004069,2020-02-24,0,0.0
004069,2020-02-25,0,0.0
004069,2020-02-26,0,0.0
004069,2020-02-27,0,0.0
004069,2020-02-28,0,0.0
004069,2020-02-29,0,0
004069,2020-03-01,0,0
004069,2020-03-02,0,0.0
004069,2020-03-03,0,0.0
004069,2020-03-04,0,0.0
004069,2020-03-05,0,0.0
004069,2020-03-06,0,0.0
004069,2020-03-07,0,0
004069,2020-03-08,0,0
004069,2020-03-09,0,0.0
004069,2020-03-10,0,0.0
004069,2020-03-11,0,0.0
004069,2020-03-12,0,0.0
004069,2020-03-13,0,0.0
004069,2020-03-14,0,0
004069,2020-03-15,0,0
004069,2020-03-16,0,0.0
004069,2020-03-17,0,0.0
004069,2020-03-18,112,117.76
004069,2020-03-19,0,0.0
004069,2020-03-20,0,0.0
004069,2020-03-21,0,0
004069,2020-03-22,0,0
004069,2020-03-23,123,131.58
004069,2020-03-24,0,0.0
004069,2020-03-25,0,0.0
004069,2020-03-26,0,0.0
004069,2020-03-27,0,0.0
004069,2020-03-28,0,0
004069,2020-03-29,0,0
004069,2020-03-30,0,0.0
004069,2020-03-31,0,0.0
004069,2020-04-01,114,120.94
004069,2020-04-02,0,0.0
004069,2020-04-03,112,118.43
004069,2020-04-04,0,0
004069,2020-04-05,0,0
004069,2020-04-06,0,0
004069,2020-04-07,0,0.0
004069,2020-04-08,0,0.0
004069,2020-04-09,0,0.0
004069,2020-04-10,0,0.0
004069,2020-04-11,0,0
004069,2020-04-12,0,0
004069,2020-04-13,0,0.0
004069,2020-04-14,0,0.0
004069,2020-04-15,0,0.0
004069,2020-04-16,0,0.0
004069,2020-04-17,0,0.0
004069,2020-04-18,0,0
004069,2020-04-19,0,0
004069,2020-04-20,0,0.0
004069,2020-04-21,0,0.0
004069,2020-04-22,0,0.0
004069,2020-04-23,0,0.0
004069,2020-04-24,116,123.98
004069,2020-04-25,0,0
004069,2020-04-26,0,0
004069,2020-04-27,117,125.36
004069,2020-04-28,110,116.5
004069,2020-04-29,111,117.21
004069,2020-04-30,0,0.0
004069,2020-05-01,0,0
004069,2020-05-02,0,0
004069,2020-05-03,0,0
004069,2020-05-04,0,0
004069,2020-05-05,0,0
004069,2020-05-06,0,0.0
004069,2020-05-07,0,0.0
004069,2020-05-08,0,0.0
004069,2020-05-09,0,0
004069,2020-05-10,0,0
004069,2020-05-11,0,0.0
004069,2020-05-12,0,0.0
004069,2020-05-13,0,0.0
004069,2020-05-14,104,108.42
004069,2020-05-15,103,107.26
004069,2020-05-16,0,0
004069,2020-05-17,0,0
004069,2020-05-18,106,110.93
004069,2020-05-19,0,0.0
004069,2020-05-20,106,110.9
004069,2020-05-21,112,118.23
004069,2020-05-22,131,141.73
004069,2020-05-23,0,0
004069,2020-05-24,0,0
004069,2020-05-25,133,144.27
004069,2020-05-26,124,133.02
004069,2020-05-27,132,143.17
004069,2020-05-28,121,129.55
004069,2020-05-29,127,136.96
004069,2020-05-30,0,0
004069,2020-05-31,0,0
004069,2020-06-01,0,0.0
004069,2020-06-02,0,0.0
004069,2020-06-03,107,112.21
004069,2020-06-04,109,114.74
004069,2020-06-05,0,0.0
004069,2020-06-06,0,0
004069,2020-06-07,0,0
004069,2020-06-08,0,0.0
004069,2020-06-09,0,0.0
004069,2020-06-10,0,0.0
004069,2020-06-11,108,113.48
004069,2020-06-12,111,117.08
004069,2020-06-13,0,0
004069,2020-06-14,0,0
004069,2020-06-15,110,116.14
004069,2020-06-16,0,0.0
004069,2020-06-17,0,0.0
004069,2020-06-18,0,0.0
004069,2020-06-19,0,0.0
004069,2020-06-20,0,0
004069,2020-06-21,0,0
004069,2020-06-22,0,0.0
004069,2020-06-23,0,0.0
004069,2020-06-24,0,0.0
004069,2020-06-25,0,0
004069,2020-06-26,0,0
004069,2020-06-27,0,0
004069,2020-06-28,0,0
004069,2020-06-29,0,0.0
004069,2020-06-30,0,0.0
004069,2020-07-01,0,0.0
004069,2020-07-02,0,0.0
004069,2020-07-03,0,0.0
004069,2020-07-04,0,0
004069,2020-07-05,0,0
004069,2020-07-06,0,0.0
004069,2020-07-07,0,0.0
004069,2020-07-08,0,0.0
004069,2020-07-09,0,0.0
004069,2020-07-10,0,0.0
004069,2020-07-11,0,0
004069,2020-07-12,0,0
004069,2020-07-13,0,0.0
004069,2020-07-14,0,0.0
004069,2020-07-15,0,0.0
004069,2020-07-16,0,0.0
004069,2020-07-17,0,0.0
004069,2020-07-18,0,0
004069,2020-07-19,0,0
004069,2020-07-20,0,0.0
004069,2020-07-21,0,0.0
004069,2020-07-22,0,0.0
004069,2020-07-23,0,0.0
004069,2020-07-24,0,0.0
004069,2020-07-25,0,0
004069,2020-07-26,0,0
004069,2020-07-27,0,0.0
004069,2020-07-28,0,0.0
004069,2020-07-29,0,0.0
004069,2020-07-30,0,0.0
004069,2020-07-31,0,0.0
004069,2020-08-01,0,0
004069,2020-08-02,0,0
004069,2020-08-03,0,0.0
004069,2020-08-04,0,0.0
004069,2020-08-05,0,0.0
004069,2020-08-06,0,0.0
004069,2020-08-07,0,0.0
004069,2020-08-08,0,0
004069,2020-08-09,0,0
004069,2020-08-10,0,0.0
004069,2020-08-11,0,0.0
004069,2020-08-12,0,0.0
004069,2020-08-13,0,0.0
004069,2020-08-14,0,0.0
004069,2020-08-15,0,0
004069,2020-08-16,0,0
004069,2020-08-17,0,0.0
004069,2020-08-18,0,0.0
004069,2020-08-19,0,0.0
004069,2020-08-20,0,0.0
004069,2020-08-21,0,0.0
004069,2020-08-22,0,0
004069,2020-08-23,0,0
004069,2020-08-24,0,0.0
004069,2020-08-25,0,0.0
004069,2020-08-26,0,0.0
004069,2020-08-27,0,0.0
004069,2020-08-28,0,0.0
004069,2020-08-29,0,0
004069,2020-08-30,0,0
004069,2020-08-31,0,0.0
004069,2020-09-01,0,0.0
004069,2020-09-02,0,0.0
004069,2020-09-03,0,0.0
004069,2020-09-04,0,0.0
004069,2020-09-05,0,0
004069,2020-09-06,0,0
004069,2020-09-07,0,0.0
004069,2020-09-08,0,0.0
004069,2020-09-09,0,0.0
004069,2020-09-10,0,0.0
004069,2020-09-11,0,0.0
004069,2020-09-12,0,0
004069,2020-09-13,0,0
004069,2020-09-14,0,0.0
004069,2020-09-15,0,0.0
004069,2020-09-16,0,0.0
004069,2020-09-17,0,0.0
004069,2020-09-18,0,0.0
004069,2020-09-19,0,0
004069,2020-09-20,0,0
004069,2020-09-21,0,0.0
004069,2020-09-22,0,0.0
004069,2020-09-23,0,0.0
004069,2020-09-24,0,0.0
004069,2020-09-25,0,0.0
004069,2020-09-26,0,0
004069,2020-09-27,0,0
004069,2020-09-28,0,0.0
004069,2020-09-29,0,0.0
004069,2020-09-30,0,0.0
004069,2020-10-01,0,0
004069,2020-10-02,0,0
004069,2020-10-03,0,0
004069,2020-10-04,0,0
004069,2020-10-05,0,0
004069,2020-10-06,0,0
004069,2020-10-07,0,0
004069,2020-10-08,0,0
004069,2020-10-09,0,0.0
004069,2020-10-10,0,0
004069,2020-10-11,0,0
004069,2020-10-12,0,0.0
004069,2020-10-13,0,0.0
004069,2020-10-14,0,0.0
004069,2020-10-15,0,0.0
004069,2020-10-16,0,0.0
004069,2020-10-17,0,0
004069,2020-10-18,0,0
004069,2020-10-19,0,0.0
004069,2020-10-20,0,0.0
004069,2020-10-21,0,0.0
004069,2020-10-22,0,0.0
004069,2020-10-23,0,0.0
004069,2020-10-24,0,0
004069,2020-10-25,0,0
004069,2020-10-26,0,0.0
004069,2020-10-27,0,0.0
004069,2020-10-28,0,0.0
004069,2020-10-29,0,0.0
004069,2020-10-30,0,0.0
004069,2020-10-31,0,0
004069,2020-11-01,0,0
004069,2020-11-02,0,0.0
004069,2020-11-03,0,0.0
004069,2020-11-04,0,0.0
004069,2020-11-05,0,0.0
004069,2020-11-06,0,0.0
004069,2020-11-07,0,0
004069,2020-11-08,0,0
004069,2020-11-09,0,0.0
004069,2020-11-10,0,0.0
004069,2020-11-11,0,0.0
004069,2020-11-12,0,0.0
004069,2020-11-13,0,0.0
004069,2020-11-14,0,0
004069,2020-11-15,0,0
004069,2020-11-16,0,0.0
004069,2020-11-17,0,0.0
004069,2020-11-18,0,0.0
004069,2020-11-19,0,0.0
004069,2020-11-20,0,0.0
004069,2020-11-21,0,0
004069,2020-11-22,0,0
004069,2020-11-23,0,0.0
004069,2020-11-24,0,0.0
004069,2020-11-25,0,0.0
004069,2020-11-26,0,0.0
004069,2020-11-27,0,0.0
004069,2020-11-28,0,0
004069,2020-11-29,0,0
004069,2020-11-30,0,0.0
004069,2020-12-01,0,0.0
004069,2020-12-02,0,0.0
004069,2020-12-03,0,0.0
004069,2020-12-04,0,0.0
004069,2020-12-05,0,0
004069,2020-12-06,0,0
004069,2020-12-07,0,0.0
004069,2020-12-08,0,0.0
004069,2020-12-09,0,0.0
004069,2020-12-10,0,0.0
004069,2020-12-11,0,0.0
004069,2020-12-12,0,0
004069,2020-12-13,0,0
004069,2020-12-14,0,0.0
004069,2020-12-15,0,0.0
004069,2020-12-16,0,0.0
004069,2020-12-17,0,0.0
004069,2020-12-18,0,0.0
004069,2020-12-19,0,0
004069,2020-12-20,0,0
004069,2020-12-21,0,0.0
