000215,2015-12-23,0,0.0
000215,2015-12-24,0,0.0
000215,2015-12-25,0,0.0
000215,2015-12-26,0,0
000215,2015-12-27,0,0
000215,2015-12-28,0,0.0
000215,2015-12-29,0,0.0
000215,2015-12-30,0,0.0
000215,2015-12-31,0,0.0
000215,2016-01-01,0,0
000215,2016-01-02,0,0
000215,2016-01-03,0,0
000215,2016-01-04,0,0.0
000215,2016-01-05,0,0.0
000215,2016-01-06,0,0.0
000215,2016-01-07,0,0.0
000215,2016-01-08,0,0.0
000215,2016-01-09,0,0
000215,2016-01-10,0,0
000215,2016-01-11,400,288.81
000215,2016-01-12,400,289.02
000215,2016-01-13,400,290.07
000215,2016-01-14,313,225.83
000215,2016-01-15,382,276.81
000215,2016-01-16,0,0
000215,2016-01-17,0,0
000215,2016-01-18,326,235.38
000215,2016-01-19,0,0.0
000215,2016-01-20,0,0.0
000215,2016-01-21,313,225.99
000215,2016-01-22,251,181.1
000215,2016-01-23,0,0
000215,2016-01-24,0,0
000215,2016-01-25,0,0.0
000215,2016-01-26,229,165.22
000215,2016-01-27,363,262.66
000215,2016-01-28,400,291.12
000215,2016-01-29,330,238.78
000215,2016-01-30,0,0
000215,2016-01-31,0,0
000215,2016-02-01,344,249.28
000215,2016-02-02,138,99.5
000215,2016-02-03,131,94.45
000215,2016-02-04,0,0.0
000215,2016-02-05,0,0.0
000215,2016-02-06,0,0
000215,2016-02-07,0,0
000215,2016-02-08,0,0
000215,2016-02-09,0,0
000215,2016-02-10,0,0
000215,2016-02-11,0,0
000215,2016-02-12,0,0
000215,2016-02-13,0,0
000215,2016-02-14,0,0
000215,2016-02-15,137,98.7
000215,2016-02-16,0,0.0
000215,2016-02-17,0,0.0
000215,2016-02-18,0,0.0
000215,2016-02-19,0,0.0
000215,2016-02-20,0,0
000215,2016-02-21,0,0
000215,2016-02-22,0,0.0
000215,2016-02-23,0,0.0
000215,2016-02-24,0,0.0
000215,2016-02-25,135,97.26
000215,2016-02-26,111,79.91
000215,2016-02-27,0,0
000215,2016-02-28,0,0
000215,2016-02-29,317,229.54
000215,2016-03-01,263,190.17
000215,2016-03-02,100,72.05
000215,2016-03-03,0,0.0
000215,2016-03-04,237,171.24
000215,2016-03-05,0,0
000215,2016-03-06,0,0
000215,2016-03-07,106,76.42
000215,2016-03-08,0,0.0
000215,2016-03-09,174,125.63
000215,2016-03-10,270,195.37
000215,2016-03-11,253,183.07
000215,2016-03-12,0,0
000215,2016-03-13,0,0
000215,2016-03-14,0,0.0
000215,2016-03-15,0,0.0
000215,2016-03-16,0,0.0
000215,2016-03-17,0,0.0
000215,2016-03-18,0,0.0
000215,2016-03-19,0,0
000215,2016-03-20,0,0
000215,2016-03-21,0,0.0
000215,2016-03-22,0,0.0
000215,2016-03-23,0,0.0
000215,2016-03-24,0,0.0
000215,2016-03-25,0,0.0
000215,2016-03-26,0,0
000215,2016-03-27,0,0
000215,2016-03-28,0,0.0
000215,2016-03-29,0,0.0
000215,2016-03-30,0,0.0
000215,2016-03-31,0,0.0
000215,2016-04-01,0,0.0
000215,2016-04-02,0,0
000215,2016-04-03,0,0
000215,2016-04-04,0,0
000215,2016-04-05,0,0.0
000215,2016-04-06,0,0.0
000215,2016-04-07,0,0.0
000215,2016-04-08,0,0.0
000215,2016-04-09,0,0
000215,2016-04-10,0,0
000215,2016-04-11,0,0.0
000215,2016-04-12,0,0.0
000215,2016-04-13,0,0.0
000215,2016-04-14,0,0.0
000215,2016-04-15,0,0.0
000215,2016-04-16,0,0
000215,2016-04-17,0,0
000215,2016-04-18,0,0.0
000215,2016-04-19,0,0.0
000215,2016-04-20,100,71.33
000215,2016-04-21,136,97.14
000215,2016-04-22,0,0.0
000215,2016-04-23,0,0
000215,2016-04-24,0,0
000215,2016-04-25,161,115.16
000215,2016-04-26,105,74.89
000215,2016-04-27,0,0.0
000215,2016-04-28,105,74.89
000215,2016-04-29,105,74.89
000215,2016-04-30,0,0
000215,2016-05-01,0,0
000215,2016-05-02,0,0
000215,2016-05-03,0,0.0
000215,2016-05-04,0,0.0
000215,2016-05-05,0,0.0
000215,2016-05-06,0,0.0
000215,2016-05-07,0,0
000215,2016-05-08,0,0
000215,2016-05-09,289,206.72
000215,2016-05-10,289,206.72
000215,2016-05-11,126,89.81
000215,2016-05-12,110,78.35
000215,2016-05-13,131,93.37
000215,2016-05-14,0,0
000215,2016-05-15,0,0
000215,2016-05-16,111,79.0
000215,2016-05-17,111,79.0
000215,2016-05-18,229,163.34
000215,2016-05-19,154,109.76
000215,2016-05-20,0,0.0
000215,2016-05-21,0,0
000215,2016-05-22,0,0
000215,2016-05-23,0,0.0
000215,2016-05-24,0,0.0
000215,2016-05-25,138,98.29
000215,2016-05-26,0,0.0
000215,2016-05-27,0,0.0
000215,2016-05-28,0,0
000215,2016-05-29,0,0
000215,2016-05-30,0,0.0
000215,2016-05-31,0,0.0
000215,2016-06-01,0,0.0
000215,2016-06-02,0,0.0
000215,2016-06-03,0,0.0
000215,2016-06-04,0,0
000215,2016-06-05,0,0
000215,2016-06-06,0,0.0
000215,2016-06-07,0,0.0
000215,2016-06-08,0,0.0
000215,2016-06-09,0,0
000215,2016-06-10,0,0
000215,2016-06-11,0,0
000215,2016-06-12,0,0
000215,2016-06-13,0,0.0
000215,2016-06-14,0,0.0
000215,2016-06-15,0,0.0
000215,2016-06-16,0,0.0
000215,2016-06-17,0,0.0
000215,2016-06-18,0,0
000215,2016-06-19,0,0
000215,2016-06-20,0,0.0
000215,2016-06-21,0,0.0
000215,2016-06-22,0,0.0
000215,2016-06-23,0,0.0
000215,2016-06-24,0,0.0
000215,2016-06-25,0,0
000215,2016-06-26,0,0
000215,2016-06-27,0,0.0
000215,2016-06-28,0,0.0
000215,2016-06-29,0,0.0
000215,2016-06-30,0,0.0
000215,2016-07-01,0,0.0
000215,2016-07-02,0,0
000215,2016-07-03,0,0
000215,2016-07-04,0,0.0
000215,2016-07-05,0,0.0
000215,2016-07-06,0,0.0
000215,2016-07-07,0,0.0
000215,2016-07-08,0,0.0
000215,2016-07-09,0,0
000215,2016-07-10,0,0
000215,2016-07-11,0,0.0
000215,2016-07-12,0,0.0
000215,2016-07-13,0,0.0
000215,2016-07-14,0,0.0
000215,2016-07-15,0,0.0
000215,2016-07-16,0,0
000215,2016-07-17,0,0
000215,2016-07-18,0,0.0
000215,2016-07-19,0,0.0
000215,2016-07-20,0,0.0
000215,2016-07-21,0,0.0
000215,2016-07-22,0,0.0
000215,2016-07-23,0,0
000215,2016-07-24,0,0
000215,2016-07-25,0,0.0
000215,2016-07-26,0,0.0
000215,2016-07-27,0,0.0
000215,2016-07-28,0,0.0
000215,2016-07-29,0,0.0
000215,2016-07-30,0,0
000215,2016-07-31,0,0
000215,2016-08-01,0,0.0
000215,2016-08-02,0,0.0
000215,2016-08-03,0,0.0
000215,2016-08-04,0,0.0
000215,2016-08-05,0,0.0
000215,2016-08-06,0,0
000215,2016-08-07,0,0
000215,2016-08-08,0,0.0
000215,2016-08-09,0,0.0
000215,2016-08-10,0,0.0
000215,2016-08-11,0,0.0
000215,2016-08-12,0,0.0
000215,2016-08-13,0,0
000215,2016-08-14,0,0
000215,2016-08-15,0,0.0
000215,2016-08-16,0,0.0
000215,2016-08-17,0,0.0
000215,2016-08-18,0,0.0
000215,2016-08-19,0,0.0
000215,2016-08-20,0,0
000215,2016-08-21,0,0
000215,2016-08-22,0,0.0
000215,2016-08-23,0,0.0
000215,2016-08-24,0,0.0
000215,2016-08-25,0,0.0
000215,2016-08-26,0,0.0
000215,2016-08-27,0,0
000215,2016-08-28,0,0
000215,2016-08-29,0,0.0
000215,2016-08-30,0,0.0
000215,2016-08-31,0,0.0
000215,2016-09-01,0,0.0
000215,2016-09-02,0,0.0
000215,2016-09-03,0,0
000215,2016-09-04,0,0
000215,2016-09-05,0,0.0
000215,2016-09-06,0,0.0
000215,2016-09-07,0,0.0
000215,2016-09-08,0,0.0
000215,2016-09-09,0,0.0
000215,2016-09-10,0,0
000215,2016-09-11,0,0
000215,2016-09-12,0,0.0
000215,2016-09-13,0,0.0
000215,2016-09-14,0,0.0
000215,2016-09-15,0,0
000215,2016-09-16,0,0
000215,2016-09-17,0,0
000215,2016-09-18,0,0
000215,2016-09-19,0,0.0
000215,2016-09-20,0,0.0
000215,2016-09-21,0,0.0
000215,2016-09-22,0,0.0
000215,2016-09-23,0,0.0
000215,2016-09-24,0,0
000215,2016-09-25,0,0
000215,2016-09-26,0,0.0
000215,2016-09-27,0,0.0
000215,2016-09-28,0,0.0
000215,2016-09-29,0,0.0
000215,2016-09-30,0,0.0
000215,2016-10-01,0,0
000215,2016-10-02,0,0
000215,2016-10-03,0,0
000215,2016-10-04,0,0
000215,2016-10-05,0,0
000215,2016-10-06,0,0
000215,2016-10-07,0,0
000215,2016-10-08,0,0
000215,2016-10-09,0,0
000215,2016-10-10,0,0.0
000215,2016-10-11,0,0.0
000215,2016-10-12,0,0.0
000215,2016-10-13,0,0.0
000215,2016-10-14,0,0.0
000215,2016-10-15,0,0
000215,2016-10-16,0,0
000215,2016-10-17,0,0.0
000215,2016-10-18,0,0.0
000215,2016-10-19,0,0.0
000215,2016-10-20,0,0.0
000215,2016-10-21,0,0.0
000215,2016-10-22,0,0
000215,2016-10-23,0,0
000215,2016-10-24,0,0.0
000215,2016-10-25,0,0.0
000215,2016-10-26,0,0.0
000215,2016-10-27,0,0.0
000215,2016-10-28,0,0.0
000215,2016-10-29,0,0
000215,2016-10-30,0,0
000215,2016-10-31,0,0.0
000215,2016-11-01,0,0.0
000215,2016-11-02,0,0.0
000215,2016-11-03,0,0.0
000215,2016-11-04,0,0.0
000215,2016-11-05,0,0
000215,2016-11-06,0,0
000215,2016-11-07,0,0.0
000215,2016-11-08,0,0.0
000215,2016-11-09,0,0.0
000215,2016-11-10,0,0.0
000215,2016-11-11,142,95.24
000215,2016-11-12,0,0
000215,2016-11-13,0,0
000215,2016-11-14,150,100.6
000215,2016-11-15,0,0.0
000215,2016-11-16,0,0.0
000215,2016-11-17,0,0.0
000215,2016-11-18,0,0.0
000215,2016-11-19,0,0
000215,2016-11-20,0,0
000215,2016-11-21,0,0.0
000215,2016-11-22,0,0.0
000215,2016-11-23,0,0.0
000215,2016-11-24,0,0.0
000215,2016-11-25,0,0.0
000215,2016-11-26,0,0
000215,2016-11-27,0,0
000215,2016-11-28,0,0.0
000215,2016-11-29,0,0.0
000215,2016-11-30,0,0.0
000215,2016-12-01,0,0.0
000215,2016-12-02,0,0.0
000215,2016-12-03,0,0
000215,2016-12-04,0,0
000215,2016-12-05,309,207.24
000215,2016-12-06,0,0.0
000215,2016-12-07,0,0.0
000215,2016-12-08,299,200.54
000215,2016-12-09,0,0.0
000215,2016-12-10,0,0
000215,2016-12-11,0,0
000215,2016-12-12,400,269.0
000215,2016-12-13,400,269.36
000215,2016-12-14,400,269.72
000215,2016-12-15,400,270.09
000215,2016-12-16,365,245.96
000215,2016-12-17,0,0
000215,2016-12-18,0,0
000215,2016-12-19,363,244.77
000215,2016-12-20,382,257.76
000215,2016-12-21,313,210.92
000215,2016-12-22,283,190.44
000215,2016-12-23,268,180.35
000215,2016-12-24,0,0
000215,2016-12-25,0,0
000215,2016-12-26,233,156.69
000215,2016-12-27,218,146.6
000215,2016-12-28,208,139.78
000215,2016-12-29,199,133.74
000215,2016-12-30,186,124.83
000215,2016-12-31,174,116.78
000215,2017-01-01,0,0
000215,2017-01-02,0,0
000215,2017-01-03,110,73.78
000215,2017-01-04,0,0.0
000215,2017-01-05,0,0.0
000215,2017-01-06,110,73.78
000215,2017-01-07,0,0
000215,2017-01-08,0,0
000215,2017-01-09,0,0.0
000215,2017-01-10,0,0.0
000215,2017-01-11,158,106.04
000215,2017-01-12,186,124.92
000215,2017-01-13,186,125.0
000215,2017-01-14,0,0
000215,2017-01-15,0,0
000215,2017-01-16,205,137.86
000215,2017-01-17,154,103.49
000215,2017-01-18,136,91.34
000215,2017-01-19,199,133.83
000215,2017-01-20,0,0.0
000215,2017-01-21,0,0
000215,2017-01-22,0,0
000215,2017-01-23,0,0.0
000215,2017-01-24,0,0.0
000215,2017-01-25,0,0.0
000215,2017-01-26,0,0.0
000215,2017-01-27,0,0
000215,2017-01-28,0,0
000215,2017-01-29,0,0
000215,2017-01-30,0,0
000215,2017-01-31,0,0
000215,2017-02-01,0,0
000215,2017-02-02,0,0
000215,2017-02-03,0,0.0
000215,2017-02-04,0,0
000215,2017-02-05,0,0
000215,2017-02-06,0,0.0
000215,2017-02-07,0,0.0
000215,2017-02-08,0,0.0
000215,2017-02-09,0,0.0
000215,2017-02-10,0,0.0
000215,2017-02-11,0,0
000215,2017-02-12,0,0
000215,2017-02-13,0,0.0
000215,2017-02-14,0,0.0
000215,2017-02-15,0,0.0
000215,2017-02-16,0,0.0
000215,2017-02-17,0,0.0
000215,2017-02-18,0,0
000215,2017-02-19,0,0
000215,2017-02-20,0,0.0
000215,2017-02-21,0,0.0
000215,2017-02-22,0,0.0
000215,2017-02-23,0,0.0
000215,2017-02-24,0,0.0
000215,2017-02-25,0,0
000215,2017-02-26,0,0
000215,2017-02-27,0,0.0
000215,2017-02-28,0,0.0
000215,2017-03-01,0,0.0
000215,2017-03-02,0,0.0
000215,2017-03-03,0,0.0
000215,2017-03-04,0,0
000215,2017-03-05,0,0
000215,2017-03-06,0,0.0
000215,2017-03-07,0,0.0
000215,2017-03-08,0,0.0
000215,2017-03-09,0,0.0
000215,2017-03-10,0,0.0
000215,2017-03-11,0,0
000215,2017-03-12,0,0
000215,2017-03-13,0,0.0
000215,2017-03-14,0,0.0
000215,2017-03-15,0,0.0
000215,2017-03-16,0,0.0
000215,2017-03-17,0,0.0
000215,2017-03-18,0,0
000215,2017-03-19,0,0
000215,2017-03-20,0,0.0
000215,2017-03-21,0,0.0
000215,2017-03-22,0,0.0
000215,2017-03-23,0,0.0
000215,2017-03-24,0,0.0
000215,2017-03-25,0,0
000215,2017-03-26,0,0
000215,2017-03-27,0,0.0
000215,2017-03-28,0,0.0
000215,2017-03-29,0,0.0
000215,2017-03-30,0,0.0
000215,2017-03-31,0,0.0
000215,2017-04-01,0,0
000215,2017-04-02,0,0
000215,2017-04-03,0,0
000215,2017-04-04,0,0
000215,2017-04-05,0,0.0
000215,2017-04-06,0,0.0
000215,2017-04-07,0,0.0
000215,2017-04-08,0,0
000215,2017-04-09,0,0
000215,2017-04-10,0,0.0
000215,2017-04-11,0,0.0
000215,2017-04-12,0,0.0
000215,2017-04-13,0,0.0
000215,2017-04-14,0,0.0
000215,2017-04-15,0,0
000215,2017-04-16,0,0
000215,2017-04-17,0,0.0
000215,2017-04-18,0,0.0
000215,2017-04-19,0,0.0
000215,2017-04-20,0,0.0
000215,2017-04-21,0,0.0
000215,2017-04-22,0,0
000215,2017-04-23,0,0
000215,2017-04-24,0,0.0
000215,2017-04-25,0,0.0
000215,2017-04-26,0,0.0
000215,2017-04-27,0,0.0
000215,2017-04-28,0,0.0
000215,2017-04-29,0,0
000215,2017-04-30,0,0
000215,2017-05-01,0,0
000215,2017-05-02,0,0.0
000215,2017-05-03,0,0.0
000215,2017-05-04,0,0.0
000215,2017-05-05,0,0.0
000215,2017-05-06,0,0
000215,2017-05-07,0,0
000215,2017-05-08,0,0.0
000215,2017-05-09,106,68.97
000215,2017-05-10,144,93.81
000215,2017-05-11,0,0.0
000215,2017-05-12,0,0.0
000215,2017-05-13,0,0
000215,2017-05-14,0,0
000215,2017-05-15,0,0.0
000215,2017-05-16,0,0.0
000215,2017-05-17,0,0.0
000215,2017-05-18,0,0.0
000215,2017-05-19,0,0.0
000215,2017-05-20,0,0
000215,2017-05-21,0,0
000215,2017-05-22,0,0.0
000215,2017-05-23,0,0.0
000215,2017-05-24,0,0.0
000215,2017-05-25,0,0.0
000215,2017-05-26,0,0.0
000215,2017-05-27,0,0
000215,2017-05-28,0,0
000215,2017-05-29,0,0
000215,2017-05-30,0,0
000215,2017-05-31,0,0.0
000215,2017-06-01,0,0.0
000215,2017-06-02,0,0.0
000215,2017-06-03,0,0
000215,2017-06-04,0,0
000215,2017-06-05,0,0.0
000215,2017-06-06,0,0.0
000215,2017-06-07,0,0.0
000215,2017-06-08,0,0.0
000215,2017-06-09,0,0.0
000215,2017-06-10,0,0
000215,2017-06-11,0,0
000215,2017-06-12,0,0.0
000215,2017-06-13,0,0.0
000215,2017-06-14,0,0.0
000215,2017-06-15,0,0.0
000215,2017-06-16,0,0.0
000215,2017-06-17,0,0
000215,2017-06-18,0,0
000215,2017-06-19,0,0.0
000215,2017-06-20,0,0.0
000215,2017-06-21,0,0.0
000215,2017-06-22,0,0.0
000215,2017-06-23,0,0.0
000215,2017-06-24,0,0
000215,2017-06-25,0,0
000215,2017-06-26,0,0.0
000215,2017-06-27,0,0.0
000215,2017-06-28,0,0.0
000215,2017-06-29,0,0.0
000215,2017-06-30,0,0.0
000215,2017-07-01,0,0
000215,2017-07-02,0,0
000215,2017-07-03,0,0.0
000215,2017-07-04,0,0.0
000215,2017-07-05,0,0.0
000215,2017-07-06,0,0.0
000215,2017-07-07,0,0.0
000215,2017-07-08,0,0
000215,2017-07-09,0,0
000215,2017-07-10,0,0.0
000215,2017-07-11,0,0.0
000215,2017-07-12,0,0.0
000215,2017-07-13,0,0.0
000215,2017-07-14,0,0.0
000215,2017-07-15,0,0
000215,2017-07-16,0,0
000215,2017-07-17,0,0.0
000215,2017-07-18,0,0.0
000215,2017-07-19,0,0.0
000215,2017-07-20,0,0.0
000215,2017-07-21,0,0.0
000215,2017-07-22,0,0
000215,2017-07-23,0,0
000215,2017-07-24,0,0.0
000215,2017-07-25,0,0.0
000215,2017-07-26,0,0.0
000215,2017-07-27,0,0.0
000215,2017-07-28,0,0.0
000215,2017-07-29,0,0
000215,2017-07-30,0,0
000215,2017-07-31,0,0.0
000215,2017-08-01,0,0.0
000215,2017-08-02,0,0.0
000215,2017-08-03,0,0.0
000215,2017-08-04,0,0.0
000215,2017-08-05,0,0
000215,2017-08-06,0,0
000215,2017-08-07,0,0.0
000215,2017-08-08,0,0.0
000215,2017-08-09,0,0.0
000215,2017-08-10,0,0.0
000215,2017-08-11,0,0.0
000215,2017-08-12,0,0
000215,2017-08-13,0,0
000215,2017-08-14,0,0.0
000215,2017-08-15,0,0.0
000215,2017-08-16,0,0.0
000215,2017-08-17,0,0.0
000215,2017-08-18,0,0.0
000215,2017-08-19,0,0
000215,2017-08-20,0,0
000215,2017-08-21,0,0.0
000215,2017-08-22,0,0.0
000215,2017-08-23,0,0.0
000215,2017-08-24,0,0.0
000215,2017-08-25,0,0.0
000215,2017-08-26,0,0
000215,2017-08-27,0,0
000215,2017-08-28,0,0.0
000215,2017-08-29,0,0.0
000215,2017-08-30,0,0.0
000215,2017-08-31,0,0.0
000215,2017-09-01,0,0.0
000215,2017-09-02,0,0
000215,2017-09-03,0,0
000215,2017-09-04,0,0.0
000215,2017-09-05,0,0.0
000215,2017-09-06,0,0.0
000215,2017-09-07,0,0.0
000215,2017-09-08,0,0.0
000215,2017-09-09,0,0
000215,2017-09-10,0,0
000215,2017-09-11,0,0.0
000215,2017-09-12,0,0.0
000215,2017-09-13,0,0.0
000215,2017-09-14,0,0.0
000215,2017-09-15,0,0.0
000215,2017-09-16,0,0
000215,2017-09-17,0,0
000215,2017-09-18,0,0.0
000215,2017-09-19,0,0.0
000215,2017-09-20,0,0.0
000215,2017-09-21,0,0.0
000215,2017-09-22,0,0.0
000215,2017-09-23,0,0
000215,2017-09-24,0,0
000215,2017-09-25,0,0.0
000215,2017-09-26,0,0.0
000215,2017-09-27,0,0.0
000215,2017-09-28,0,0.0
000215,2017-09-29,0,0.0
000215,2017-09-30,0,0
000215,2017-10-01,0,0
000215,2017-10-02,0,0
000215,2017-10-03,0,0
000215,2017-10-04,0,0
000215,2017-10-05,0,0
000215,2017-10-06,0,0
000215,2017-10-07,0,0
000215,2017-10-08,0,0
000215,2017-10-09,0,0.0
000215,2017-10-10,0,0.0
000215,2017-10-11,0,0.0
000215,2017-10-12,0,0.0
000215,2017-10-13,0,0.0
000215,2017-10-14,0,0
000215,2017-10-15,0,0
000215,2017-10-16,0,0.0
000215,2017-10-17,0,0.0
000215,2017-10-18,0,0.0
000215,2017-10-19,0,0.0
000215,2017-10-20,0,0.0
000215,2017-10-21,0,0
000215,2017-10-22,0,0
000215,2017-10-23,0,0.0
000215,2017-10-24,0,0.0
000215,2017-10-25,0,0.0
000215,2017-10-26,0,0.0
000215,2017-10-27,0,0.0
000215,2017-10-28,0,0
000215,2017-10-29,0,0
000215,2017-10-30,0,0.0
000215,2017-10-31,0,0.0
000215,2017-11-01,0,0.0
000215,2017-11-02,0,0.0
000215,2017-11-03,0,0.0
000215,2017-11-04,0,0
000215,2017-11-05,0,0
000215,2017-11-06,0,0.0
000215,2017-11-07,0,0.0
000215,2017-11-08,0,0.0
000215,2017-11-09,0,0.0
000215,2017-11-10,0,0.0
000215,2017-11-11,0,0
000215,2017-11-12,0,0
000215,2017-11-13,0,0.0
000215,2017-11-14,0,0.0
000215,2017-11-15,0,0.0
000215,2017-11-16,0,0.0
000215,2017-11-17,0,0.0
000215,2017-11-18,0,0
000215,2017-11-19,0,0
000215,2017-11-20,0,0.0
000215,2017-11-21,0,0.0
000215,2017-11-22,0,0.0
000215,2017-11-23,0,0.0
000215,2017-11-24,0,0.0
000215,2017-11-25,0,0
000215,2017-11-26,0,0
000215,2017-11-27,0,0.0
000215,2017-11-28,0,0.0
000215,2017-11-29,0,0.0
000215,2017-11-30,0,0.0
000215,2017-12-01,0,0.0
000215,2017-12-02,0,0
000215,2017-12-03,0,0
000215,2017-12-04,0,0.0
000215,2017-12-05,0,0.0
000215,2017-12-06,0,0.0
000215,2017-12-07,0,0.0
000215,2017-12-08,0,0.0
000215,2017-12-09,0,0
000215,2017-12-10,0,0
000215,2017-12-11,0,0.0
000215,2017-12-12,0,0.0
000215,2017-12-13,0,0.0
000215,2017-12-14,0,0.0
000215,2017-12-15,0,0.0
000215,2017-12-16,0,0
000215,2017-12-17,0,0
000215,2017-12-18,120,71.68
000215,2017-12-19,0,0.0
000215,2017-12-20,0,0.0
000215,2017-12-21,0,0.0
000215,2017-12-22,0,0.0
000215,2017-12-23,0,0
000215,2017-12-24,0,0
000215,2017-12-25,0,0.0
000215,2017-12-26,0,0.0
000215,2017-12-27,105,62.5
000215,2017-12-28,110,65.52
000215,2017-12-29,0,0.0
000215,2017-12-30,0,0
000215,2017-12-31,0,0.0
000215,2018-01-01,0,0
000215,2018-01-02,0,0.0
000215,2018-01-03,0,0.0
000215,2018-01-04,0,0.0
000215,2018-01-05,0,0.0
000215,2018-01-06,0,0
000215,2018-01-07,0,0
000215,2018-01-08,0,0.0
000215,2018-01-09,0,0.0
000215,2018-01-10,0,0.0
000215,2018-01-11,0,0.0
000215,2018-01-12,0,0.0
000215,2018-01-13,0,0
000215,2018-01-14,0,0
000215,2018-01-15,0,0.0
000215,2018-01-16,0,0.0
000215,2018-01-17,0,0.0
000215,2018-01-18,0,0.0
000215,2018-01-19,0,0.0
000215,2018-01-20,0,0
000215,2018-01-21,0,0
000215,2018-01-22,0,0.0
000215,2018-01-23,0,0.0
000215,2018-01-24,0,0.0
000215,2018-01-25,0,0.0
000215,2018-01-26,0,0.0
000215,2018-01-27,0,0
000215,2018-01-28,0,0
000215,2018-01-29,0,0.0
000215,2018-01-30,120,70.63
000215,2018-01-31,0,0.0
000215,2018-02-01,0,0.0
000215,2018-02-02,0,0.0
000215,2018-02-03,0,0
000215,2018-02-04,0,0
000215,2018-02-05,0,0.0
000215,2018-02-06,294,174.38
000215,2018-02-07,400,239.09
000215,2018-02-08,365,217.78
000215,2018-02-09,400,242.72
000215,2018-02-10,0,0
000215,2018-02-11,0,0
000215,2018-02-12,363,216.98
000215,2018-02-13,263,156.45
000215,2018-02-14,195,115.45
000215,2018-02-15,0,0
000215,2018-02-16,0,0
000215,2018-02-17,0,0
000215,2018-02-18,0,0
000215,2018-02-19,0,0
000215,2018-02-20,0,0
000215,2018-02-21,0,0
000215,2018-02-22,140,82.21
000215,2018-02-23,165,96.94
000215,2018-02-24,0,0
000215,2018-02-25,0,0
000215,2018-02-26,0,0.0
000215,2018-02-27,142,83.24
000215,2018-02-28,111,64.99
000215,2018-03-01,0,0.0
000215,2018-03-02,165,96.77
000215,2018-03-03,0,0
000215,2018-03-04,0,0
000215,2018-03-05,142,83.24
000215,2018-03-06,0,0.0
000215,2018-03-07,0,0.0
000215,2018-03-08,0,0.0
000215,2018-03-09,0,0.0
000215,2018-03-10,0,0
000215,2018-03-11,0,0
000215,2018-03-12,0,0.0
000215,2018-03-13,0,0.0
000215,2018-03-14,0,0.0
000215,2018-03-15,0,0.0
000215,2018-03-16,0,0.0
000215,2018-03-17,0,0
000215,2018-03-18,0,0
000215,2018-03-19,0,0.0
000215,2018-03-20,0,0.0
000215,2018-03-21,0,0.0
000215,2018-03-22,0,0.0
000215,2018-03-23,192,112.68
000215,2018-03-24,0,0
000215,2018-03-25,0,0
000215,2018-03-26,169,99.18
000215,2018-03-27,117,68.54
000215,2018-03-28,267,157.24
000215,2018-03-29,253,149.0
000215,2018-03-30,192,112.74
000215,2018-03-31,0,0
000215,2018-04-01,0,0
000215,2018-04-02,0,0.0
000215,2018-04-03,142,83.28
000215,2018-04-04,233,137.06
000215,2018-04-05,0,0
000215,2018-04-06,0,0
000215,2018-04-07,0,0
000215,2018-04-08,0,0
000215,2018-04-09,257,151.09
000215,2018-04-10,0,0.0
000215,2018-04-11,0,0.0
000215,2018-04-12,0,0.0
000215,2018-04-13,0,0.0
000215,2018-04-14,0,0
000215,2018-04-15,0,0
000215,2018-04-16,137,80.16
000215,2018-04-17,338,198.82
000215,2018-04-18,0,0.0
000215,2018-04-19,0,0.0
000215,2018-04-20,0,0.0
000215,2018-04-21,0,0
000215,2018-04-22,0,0
000215,2018-04-23,0,0.0
000215,2018-04-24,0,0.0
000215,2018-04-25,0,0.0
000215,2018-04-26,142,82.99
000215,2018-04-27,233,136.66
000215,2018-04-28,0,0
000215,2018-04-29,0,0
000215,2018-04-30,0,0
000215,2018-05-01,0,0
000215,2018-05-02,178,104.09
000215,2018-05-03,0,0.0
000215,2018-05-04,122,71.1
000215,2018-05-05,0,0
000215,2018-05-06,0,0
000215,2018-05-07,0,0.0
000215,2018-05-08,0,0.0
000215,2018-05-09,0,0.0
000215,2018-05-10,0,0.0
000215,2018-05-11,0,0.0
000215,2018-05-12,0,0
000215,2018-05-13,0,0
000215,2018-05-14,0,0.0
000215,2018-05-15,0,0.0
000215,2018-05-16,0,0.0
000215,2018-05-17,0,0.0
000215,2018-05-18,0,0.0
000215,2018-05-19,0,0
000215,2018-05-20,0,0
000215,2018-05-21,0,0.0
000215,2018-05-22,0,0.0
000215,2018-05-23,0,0.0
000215,2018-05-24,0,0.0
000215,2018-05-25,0,0.0
000215,2018-05-26,0,0
000215,2018-05-27,0,0
000215,2018-05-28,0,0.0
000215,2018-05-29,0,0.0
000215,2018-05-30,128,74.29
000215,2018-05-31,0,0.0
000215,2018-06-01,111,64.27
000215,2018-06-02,0,0
000215,2018-06-03,0,0
000215,2018-06-04,0,0.0
000215,2018-06-05,0,0.0
000215,2018-06-06,0,0.0
000215,2018-06-07,0,0.0
000215,2018-06-08,0,0.0
000215,2018-06-09,0,0
000215,2018-06-10,0,0
000215,2018-06-11,0,0.0
000215,2018-06-12,0,0.0
000215,2018-06-13,0,0.0
000215,2018-06-14,0,0.0
000215,2018-06-15,0,0.0
000215,2018-06-16,0,0
000215,2018-06-17,0,0
000215,2018-06-18,0,0
000215,2018-06-19,270,156.61
000215,2018-06-20,273,158.44
000215,2018-06-21,309,180.07
000215,2018-06-22,292,169.57
000215,2018-06-23,0,0
000215,2018-06-24,0,0
000215,2018-06-25,361,210.74
000215,2018-06-26,361,210.74
000215,2018-06-27,400,234.33
000215,2018-06-28,400,234.74
000215,2018-06-29,263,152.82
000215,2018-06-30,251,145.85
000215,2018-07-01,0,0
000215,2018-07-02,382,224.18
000215,2018-07-03,345,201.87
000215,2018-07-04,400,235.29
000215,2018-07-05,400,235.43
000215,2018-07-06,365,214.58
000215,2018-07-07,0,0
000215,2018-07-08,0,0
000215,2018-07-09,278,162.48
000215,2018-07-10,233,136.02
000215,2018-07-11,297,173.89
000215,2018-07-12,212,123.62
000215,2018-07-13,186,108.33
000215,2018-07-14,0,0
000215,2018-07-15,0,0
000215,2018-07-16,205,119.6
000215,2018-07-17,178,103.79
000215,2018-07-18,170,99.13
000215,2018-07-19,140,81.49
000215,2018-07-20,0,0.0
000215,2018-07-21,0,0
000215,2018-07-22,0,0
000215,2018-07-23,0,0.0
000215,2018-07-24,0,0.0
000215,2018-07-25,0,0.0
000215,2018-07-26,0,0.0
000215,2018-07-27,0,0.0
000215,2018-07-28,0,0
000215,2018-07-29,0,0
000215,2018-07-30,0,0.0
000215,2018-07-31,0,0.0
000215,2018-08-01,0,0.0
000215,2018-08-02,0,0.0
000215,2018-08-03,110,63.92
000215,2018-08-04,0,0
000215,2018-08-05,0,0
000215,2018-08-06,120,69.81
000215,2018-08-07,0,0.0
000215,2018-08-08,0,0.0
000215,2018-08-09,0,0.0
000215,2018-08-10,0,0.0
000215,2018-08-11,0,0
000215,2018-08-12,0,0
000215,2018-08-13,0,0.0
000215,2018-08-14,0,0.0
000215,2018-08-15,0,0.0
000215,2018-08-16,130,75.67
000215,2018-08-17,271,158.48
000215,2018-08-18,0,0
000215,2018-08-19,0,0
000215,2018-08-20,297,173.99
000215,2018-08-21,125,72.8
000215,2018-08-22,174,101.52
000215,2018-08-23,0,0.0
000215,2018-08-24,0,0.0
000215,2018-08-25,0,0
000215,2018-08-26,0,0
000215,2018-08-27,0,0.0
000215,2018-08-28,0,0.0
000215,2018-08-29,0,0.0
000215,2018-08-30,0,0.0
000215,2018-08-31,162,94.35
000215,2018-09-01,0,0
000215,2018-09-02,0,0
000215,2018-09-03,294,171.63
000215,2018-09-04,154,89.64
000215,2018-09-05,297,173.38
000215,2018-09-06,365,213.58
000215,2018-09-07,254,148.19
000215,2018-09-08,0,0
000215,2018-09-09,0,0
000215,2018-09-10,382,223.65
000215,2018-09-11,363,212.53
000215,2018-09-12,400,234.47
000215,2018-09-13,365,213.83
000215,2018-09-14,348,203.87
000215,2018-09-15,0,0
000215,2018-09-16,0,0
000215,2018-09-17,400,234.74
000215,2018-09-18,120,69.81
000215,2018-09-19,0,0.0
000215,2018-09-20,0,0.0
000215,2018-09-21,0,0.0
000215,2018-09-22,0,0
000215,2018-09-23,0,0
000215,2018-09-24,0,0
000215,2018-09-25,0,0.0
000215,2018-09-26,0,0.0
000215,2018-09-27,0,0.0
000215,2018-09-28,0,0.0
000215,2018-09-29,0,0
000215,2018-09-30,0,0
000215,2018-10-01,0,0
000215,2018-10-02,0,0
000215,2018-10-03,0,0
000215,2018-10-04,0,0
000215,2018-10-05,0,0
000215,2018-10-06,0,0
000215,2018-10-07,0,0
000215,2018-10-08,0,0.0
000215,2018-10-09,0,0.0
000215,2018-10-10,0,0.0
000215,2018-10-11,100,58.17
000215,2018-10-12,0,0.0
000215,2018-10-13,0,0
000215,2018-10-14,0,0
000215,2018-10-15,0,0.0
000215,2018-10-16,0,0.0
000215,2018-10-17,0,0.0
000215,2018-10-18,250,146.03
000215,2018-10-19,160,93.19
000215,2018-10-20,0,0
000215,2018-10-21,0,0
000215,2018-10-22,0,0.0
000215,2018-10-23,0,0.0
000215,2018-10-24,0,0.0
000215,2018-10-25,135,78.49
000215,2018-10-26,174,101.34
000215,2018-10-27,0,0
000215,2018-10-28,0,0
000215,2018-10-29,209,122.01
000215,2018-10-30,150,87.36
000215,2018-10-31,0,0.0
000215,2018-11-01,0,0.0
000215,2018-11-02,0,0.0
000215,2018-11-03,0,0
000215,2018-11-04,0,0
000215,2018-11-05,0,0.0
000215,2018-11-06,0,0.0
000215,2018-11-07,0,0.0
000215,2018-11-08,0,0.0
000215,2018-11-09,0,0.0
000215,2018-11-10,0,0
000215,2018-11-11,0,0
000215,2018-11-12,0,0.0
000215,2018-11-13,0,0.0
000215,2018-11-14,0,0.0
000215,2018-11-15,0,0.0
000215,2018-11-16,0,0.0
000215,2018-11-17,0,0
000215,2018-11-18,0,0
000215,2018-11-19,0,0.0
000215,2018-11-20,0,0.0
000215,2018-11-21,0,0.0
000215,2018-11-22,0,0.0
000215,2018-11-23,0,0.0
000215,2018-11-24,0,0
000215,2018-11-25,0,0
000215,2018-11-26,0,0.0
000215,2018-11-27,0,0.0
000215,2018-11-28,0,0.0
000215,2018-11-29,0,0.0
000215,2018-11-30,0,0.0
000215,2018-12-01,0,0
000215,2018-12-02,0,0
000215,2018-12-03,0,0.0
000215,2018-12-04,0,0.0
000215,2018-12-05,0,0.0
000215,2018-12-06,0,0.0
000215,2018-12-07,0,0.0
000215,2018-12-08,0,0
000215,2018-12-09,0,0
000215,2018-12-10,0,0.0
000215,2018-12-11,0,0.0
000215,2018-12-12,0,0.0
000215,2018-12-13,0,0.0
000215,2018-12-14,0,0.0
000215,2018-12-15,0,0
000215,2018-12-16,0,0
000215,2018-12-17,0,0.0
000215,2018-12-18,166,96.01
000215,2018-12-19,251,145.34
000215,2018-12-20,254,147.16
000215,2018-12-21,299,173.43
000215,2018-12-22,0,0
000215,2018-12-23,0,0
000215,2018-12-24,263,152.38
000215,2018-12-25,311,180.29
000215,2018-12-26,313,181.55
000215,2018-12-27,348,202.09
000215,2018-12-28,299,173.43
000215,2018-12-29,0,0
000215,2018-12-30,0,0
000215,2018-12-31,328,190.26
000215,2019-01-01,0,0
000215,2019-01-02,382,221.84
000215,2019-01-03,364,211.38
000215,2019-01-04,136,78.66
000215,2019-01-05,0,0
000215,2019-01-06,0,0
000215,2019-01-07,0,0.0
000215,2019-01-08,0,0.0
000215,2019-01-09,0,0.0
000215,2019-01-10,0,0.0
000215,2019-01-11,0,0.0
000215,2019-01-12,0,0
000215,2019-01-13,0,0
000215,2019-01-14,0,0.0
000215,2019-01-15,0,0.0
000215,2019-01-16,0,0.0
000215,2019-01-17,0,0.0
000215,2019-01-18,0,0.0
000215,2019-01-19,0,0
000215,2019-01-20,0,0
000215,2019-01-21,0,0.0
000215,2019-01-22,0,0.0
000215,2019-01-23,0,0.0
000215,2019-01-24,0,0.0
000215,2019-01-25,0,0.0
000215,2019-01-26,0,0
000215,2019-01-27,0,0
000215,2019-01-28,0,0.0
000215,2019-01-29,0,0.0
000215,2019-01-30,0,0.0
000215,2019-01-31,0,0.0
000215,2019-02-01,0,0.0
000215,2019-02-02,0,0
000215,2019-02-03,0,0
000215,2019-02-04,0,0
000215,2019-02-05,0,0
000215,2019-02-06,0,0
000215,2019-02-07,0,0
000215,2019-02-08,0,0
000215,2019-02-09,0,0
000215,2019-02-10,0,0
000215,2019-02-11,0,0.0
000215,2019-02-12,0,0.0
000215,2019-02-13,0,0.0
000215,2019-02-14,0,0.0
000215,2019-02-15,0,0.0
000215,2019-02-16,0,0
000215,2019-02-17,0,0
000215,2019-02-18,0,0.0
000215,2019-02-19,0,0.0
000215,2019-02-20,0,0.0
000215,2019-02-21,0,0.0
000215,2019-02-22,0,0.0
000215,2019-02-23,0,0
000215,2019-02-24,0,0
000215,2019-02-25,0,0.0
000215,2019-02-26,0,0.0
000215,2019-02-27,0,0.0
000215,2019-02-28,0,0.0
000215,2019-03-01,0,0.0
000215,2019-03-02,0,0
000215,2019-03-03,0,0
000215,2019-03-04,0,0.0
000215,2019-03-05,0,0.0
000215,2019-03-06,0,0.0
000215,2019-03-07,0,0.0
000215,2019-03-08,0,0.0
000215,2019-03-09,0,0
000215,2019-03-10,0,0
000215,2019-03-11,0,0.0
000215,2019-03-12,0,0.0
000215,2019-03-13,0,0.0
000215,2019-03-14,0,0.0
000215,2019-03-15,0,0.0
000215,2019-03-16,0,0
000215,2019-03-17,0,0
000215,2019-03-18,0,0.0
000215,2019-03-19,0,0.0
000215,2019-03-20,0,0.0
000215,2019-03-21,0,0.0
000215,2019-03-22,0,0.0
000215,2019-03-23,0,0
000215,2019-03-24,0,0
000215,2019-03-25,0,0.0
000215,2019-03-26,0,0.0
000215,2019-03-27,0,0.0
000215,2019-03-28,0,0.0
000215,2019-03-29,0,0.0
000215,2019-03-30,0,0
000215,2019-03-31,0,0
000215,2019-04-01,0,0.0
000215,2019-04-02,0,0.0
000215,2019-04-03,0,0.0
000215,2019-04-04,0,0.0
000215,2019-04-05,0,0
000215,2019-04-06,0,0
000215,2019-04-07,0,0
000215,2019-04-08,0,0.0
000215,2019-04-09,0,0.0
000215,2019-04-10,0,0.0
000215,2019-04-11,0,0.0
000215,2019-04-12,0,0.0
000215,2019-04-13,0,0
000215,2019-04-14,0,0
000215,2019-04-15,0,0.0
000215,2019-04-16,0,0.0
000215,2019-04-17,0,0.0
000215,2019-04-18,0,0.0
000215,2019-04-19,0,0.0
000215,2019-04-20,0,0
000215,2019-04-21,0,0
000215,2019-04-22,0,0.0
000215,2019-04-23,0,0.0
000215,2019-04-24,0,0.0
000215,2019-04-25,0,0.0
000215,2019-04-26,125,69.83
000215,2019-04-27,0,0
000215,2019-04-28,0,0
000215,2019-04-29,0,0.0
000215,2019-04-30,0,0.0
000215,2019-05-01,0,0
000215,2019-05-02,0,0
000215,2019-05-03,0,0
000215,2019-05-04,0,0
000215,2019-05-05,0,0
000215,2019-05-06,218,121.86
000215,2019-05-07,100,55.8
000215,2019-05-08,165,92.13
000215,2019-05-09,241,134.79
000215,2019-05-10,0,0.0
000215,2019-05-11,0,0
000215,2019-05-12,0,0
000215,2019-05-13,0,0.0
000215,2019-05-14,0,0.0
000215,2019-05-15,0,0.0
000215,2019-05-16,0,0.0
000215,2019-05-17,0,0.0
000215,2019-05-18,0,0
000215,2019-05-19,0,0
000215,2019-05-20,0,0.0
000215,2019-05-21,0,0.0
000215,2019-05-22,0,0.0
000215,2019-05-23,196,109.38
000215,2019-05-24,133,74.18
000215,2019-05-25,0,0
000215,2019-05-26,0,0
000215,2019-05-27,0,0.0
000215,2019-05-28,0,0.0
000215,2019-05-29,0,0.0
000215,2019-05-30,0,0.0
000215,2019-05-31,0,0.0
000215,2019-06-01,0,0
000215,2019-06-02,0,0
000215,2019-06-03,0,0.0
000215,2019-06-04,0,0.0
000215,2019-06-05,0,0.0
000215,2019-06-06,309,172.53
000215,2019-06-07,0,0
000215,2019-06-08,0,0
000215,2019-06-09,0,0
000215,2019-06-10,0,0.0
000215,2019-06-11,0,0.0
000215,2019-06-12,0,0.0
000215,2019-06-13,0,0.0
000215,2019-06-14,0,0.0
000215,2019-06-15,0,0
000215,2019-06-16,0,0
000215,2019-06-17,0,0.0
000215,2019-06-18,0,0.0
000215,2019-06-19,0,0.0
000215,2019-06-20,0,0.0
000215,2019-06-21,0,0.0
000215,2019-06-22,0,0
000215,2019-06-23,0,0
000215,2019-06-24,0,0.0
000215,2019-06-25,0,0.0
000215,2019-06-26,0,0.0
000215,2019-06-27,0,0.0
000215,2019-06-28,0,0.0
000215,2019-06-29,0,0
000215,2019-06-30,0,0.0
000215,2019-07-01,0,0.0
000215,2019-07-02,0,0.0
000215,2019-07-03,0,0.0
000215,2019-07-04,0,0.0
000215,2019-07-05,0,0.0
000215,2019-07-06,0,0
000215,2019-07-07,0,0
000215,2019-07-08,0,0.0
000215,2019-07-09,0,0.0
000215,2019-07-10,0,0.0
000215,2019-07-11,0,0.0
000215,2019-07-12,0,0.0
000215,2019-07-13,0,0
000215,2019-07-14,0,0
000215,2019-07-15,0,0.0
000215,2019-07-16,0,0.0
000215,2019-07-17,0,0.0
000215,2019-07-18,0,0.0
000215,2019-07-19,0,0.0
000215,2019-07-20,0,0
000215,2019-07-21,0,0
000215,2019-07-22,0,0.0
000215,2019-07-23,0,0.0
000215,2019-07-24,0,0.0
000215,2019-07-25,0,0.0
000215,2019-07-26,0,0.0
000215,2019-07-27,0,0
000215,2019-07-28,0,0
000215,2019-07-29,0,0.0
000215,2019-07-30,0,0.0
000215,2019-07-31,0,0.0
000215,2019-08-01,0,0.0
000215,2019-08-02,0,0.0
000215,2019-08-03,0,0
000215,2019-08-04,0,0
000215,2019-08-05,0,0.0
000215,2019-08-06,158,86.77
000215,2019-08-07,186,102.2
000215,2019-08-08,124,68.02
000215,2019-08-09,155,85.12
000215,2019-08-10,0,0
000215,2019-08-11,0,0
000215,2019-08-12,136,74.6
000215,2019-08-13,182,99.95
000215,2019-08-14,151,82.88
000215,2019-08-15,144,79.03
000215,2019-08-16,114,62.5
000215,2019-08-17,0,0
000215,2019-08-18,0,0
000215,2019-08-19,0,0.0
000215,2019-08-20,0,0.0
000215,2019-08-21,0,0.0
000215,2019-08-22,0,0.0
000215,2019-08-23,0,0.0
000215,2019-08-24,0,0
000215,2019-08-25,0,0
000215,2019-08-26,0,0.0
000215,2019-08-27,0,0.0
000215,2019-08-28,0,0.0
000215,2019-08-29,0,0.0
000215,2019-08-30,0,0.0
000215,2019-08-31,0,0
000215,2019-09-01,0,0
000215,2019-09-02,0,0.0
000215,2019-09-03,0,0.0
000215,2019-09-04,0,0.0
000215,2019-09-05,0,0.0
000215,2019-09-06,0,0.0
000215,2019-09-07,0,0
000215,2019-09-08,0,0
000215,2019-09-09,0,0.0
000215,2019-09-10,0,0.0
000215,2019-09-11,0,0.0
000215,2019-09-12,0,0.0
000215,2019-09-13,0,0
000215,2019-09-14,0,0
000215,2019-09-15,0,0
000215,2019-09-16,0,0.0
000215,2019-09-17,0,0.0
000215,2019-09-18,0,0.0
000215,2019-09-19,0,0.0
000215,2019-09-20,0,0.0
000215,2019-09-21,0,0
000215,2019-09-22,0,0
000215,2019-09-23,0,0.0
000215,2019-09-24,0,0.0
000215,2019-09-25,0,0.0
000215,2019-09-26,0,0.0
000215,2019-09-27,0,0.0
000215,2019-09-28,0,0
000215,2019-09-29,0,0
000215,2019-09-30,0,0.0
000215,2019-10-01,0,0
000215,2019-10-02,0,0
000215,2019-10-03,0,0
000215,2019-10-04,0,0
000215,2019-10-05,0,0
000215,2019-10-06,0,0
000215,2019-10-07,0,0
000215,2019-10-08,0,0.0
000215,2019-10-09,0,0.0
000215,2019-10-10,0,0.0
000215,2019-10-11,0,0.0
000215,2019-10-12,0,0
000215,2019-10-13,0,0
000215,2019-10-14,0,0.0
000215,2019-10-15,0,0.0
000215,2019-10-16,0,0.0
000215,2019-10-17,0,0.0
000215,2019-10-18,0,0.0
000215,2019-10-19,0,0
000215,2019-10-20,0,0
000215,2019-10-21,0,0.0
000215,2019-10-22,0,0.0
000215,2019-10-23,0,0.0
000215,2019-10-24,0,0.0
000215,2019-10-25,0,0.0
000215,2019-10-26,0,0
000215,2019-10-27,0,0
000215,2019-10-28,0,0.0
000215,2019-10-29,0,0.0
000215,2019-10-30,0,0.0
000215,2019-10-31,0,0.0
000215,2019-11-01,0,0.0
000215,2019-11-02,0,0
000215,2019-11-03,0,0
000215,2019-11-04,0,0.0
000215,2019-11-05,0,0.0
000215,2019-11-06,0,0.0
000215,2019-11-07,0,0.0
000215,2019-11-08,0,0.0
000215,2019-11-09,0,0
000215,2019-11-10,0,0
000215,2019-11-11,0,0.0
000215,2019-11-12,0,0.0
000215,2019-11-13,0,0.0
000215,2019-11-14,0,0.0
000215,2019-11-15,0,0.0
000215,2019-11-16,0,0
000215,2019-11-17,0,0
000215,2019-11-18,0,0.0
000215,2019-11-19,0,0.0
000215,2019-11-20,0,0.0
000215,2019-11-21,0,0.0
000215,2019-11-22,0,0.0
000215,2019-11-23,0,0
000215,2019-11-24,0,0
000215,2019-11-25,0,0.0
000215,2019-11-26,0,0.0
000215,2019-11-27,0,0.0
000215,2019-11-28,0,0.0
000215,2019-11-29,0,0.0
000215,2019-11-30,0,0
000215,2019-12-01,0,0
000215,2019-12-02,0,0.0
000215,2019-12-03,0,0.0
000215,2019-12-04,0,0.0
000215,2019-12-05,0,0.0
000215,2019-12-06,0,0.0
000215,2019-12-07,0,0
000215,2019-12-08,0,0
000215,2019-12-09,0,0.0
000215,2019-12-10,0,0.0
000215,2019-12-11,0,0.0
000215,2019-12-12,0,0.0
000215,2019-12-13,0,0.0
000215,2019-12-14,0,0
000215,2019-12-15,0,0
000215,2019-12-16,0,0.0
000215,2019-12-17,0,0.0
000215,2019-12-18,0,0.0
000215,2019-12-19,0,0.0
000215,2019-12-20,0,0.0
000215,2019-12-21,0,0
000215,2019-12-22,0,0
000215,2019-12-23,0,0.0
000215,2019-12-24,0,0.0
000215,2019-12-25,0,0.0
000215,2019-12-26,0,0.0
000215,2019-12-27,0,0.0
000215,2019-12-28,0,0
000215,2019-12-29,0,0
000215,2019-12-30,0,0.0
000215,2019-12-31,0,0.0
000215,2020-01-01,0,0
000215,2020-01-02,0,0.0
000215,2020-01-03,0,0.0
000215,2020-01-04,0,0
000215,2020-01-05,0,0
000215,2020-01-06,0,0.0
000215,2020-01-07,0,0.0
000215,2020-01-08,0,0.0
000215,2020-01-09,0,0.0
000215,2020-01-10,0,0.0
000215,2020-01-11,0,0
000215,2020-01-12,0,0
000215,2020-01-13,0,0.0
000215,2020-01-14,0,0.0
000215,2020-01-15,0,0.0
000215,2020-01-16,0,0.0
000215,2020-01-17,0,0.0
000215,2020-01-18,0,0
000215,2020-01-19,0,0
000215,2020-01-20,0,0.0
000215,2020-01-21,0,0.0
000215,2020-01-22,0,0.0
000215,2020-01-23,0,0.0
000215,2020-01-24,0,0
000215,2020-01-25,0,0
000215,2020-01-26,0,0
000215,2020-01-27,0,0
000215,2020-01-28,0,0
000215,2020-01-29,0,0
000215,2020-01-30,0,0
000215,2020-01-31,0,0
000215,2020-02-01,0,0
000215,2020-02-02,0,0
000215,2020-02-03,294,156.93
000215,2020-02-04,275,146.54
000215,2020-02-05,193,102.65
000215,2020-02-06,106,56.27
000215,2020-02-07,117,62.12
000215,2020-02-08,0,0
000215,2020-02-09,0,0
000215,2020-02-10,106,56.21
000215,2020-02-11,106,56.18
000215,2020-02-12,0,0.0
000215,2020-02-13,0,0.0
000215,2020-02-14,0,0.0
000215,2020-02-15,0,0
000215,2020-02-16,0,0
000215,2020-02-17,0,0.0
000215,2020-02-18,0,0.0
000215,2020-02-19,0,0.0
000215,2020-02-20,0,0.0
000215,2020-02-21,0,0.0
000215,2020-02-22,0,0
000215,2020-02-23,0,0
000215,2020-02-24,0,0.0
000215,2020-02-25,0,0.0
000215,2020-02-26,0,0.0
000215,2020-02-27,0,0.0
000215,2020-02-28,0,0.0
000215,2020-02-29,0,0
000215,2020-03-01,0,0
000215,2020-03-02,0,0.0
000215,2020-03-03,0,0.0
000215,2020-03-04,0,0.0
000215,2020-03-05,0,0.0
000215,2020-03-06,0,0.0
000215,2020-03-07,0,0
000215,2020-03-08,0,0
000215,2020-03-09,0,0.0
000215,2020-03-10,0,0.0
000215,2020-03-11,0,0.0
000215,2020-03-12,0,0.0
000215,2020-03-13,0,0.0
000215,2020-03-14,0,0
000215,2020-03-15,0,0
000215,2020-03-16,150,79.19
000215,2020-03-17,164,86.67
000215,2020-03-18,198,104.79
000215,2020-03-19,218,115.38
000215,2020-03-20,135,71.3
000215,2020-03-21,0,0
000215,2020-03-22,0,0
000215,2020-03-23,225,119.12
000215,2020-03-24,117,61.74
000215,2020-03-25,0,0.0
000215,2020-03-26,0,0.0
000215,2020-03-27,0,0.0
000215,2020-03-28,0,0
000215,2020-03-29,0,0
000215,2020-03-30,0,0.0
000215,2020-03-31,0,0.0
000215,2020-04-01,0,0.0
000215,2020-04-02,0,0.0
000215,2020-04-03,0,0.0
000215,2020-04-04,0,0
000215,2020-04-05,0,0
000215,2020-04-06,0,0
000215,2020-04-07,0,0.0
000215,2020-04-08,0,0.0
000215,2020-04-09,0,0.0
000215,2020-04-10,0,0.0
000215,2020-04-11,0,0
000215,2020-04-12,0,0
000215,2020-04-13,0,0.0
000215,2020-04-14,0,0.0
000215,2020-04-15,0,0.0
000215,2020-04-16,0,0.0
000215,2020-04-17,0,0.0
000215,2020-04-18,0,0
000215,2020-04-19,0,0
000215,2020-04-20,0,0.0
000215,2020-04-21,0,0.0
000215,2020-04-22,0,0.0
000215,2020-04-23,0,0.0
000215,2020-04-24,0,0.0
000215,2020-04-25,0,0
000215,2020-04-26,0,0
000215,2020-04-27,0,0.0
000215,2020-04-28,0,0.0
000215,2020-04-29,0,0.0
000215,2020-04-30,0,0.0
000215,2020-05-01,0,0
000215,2020-05-02,0,0
000215,2020-05-03,0,0
000215,2020-05-04,0,0
000215,2020-05-05,0,0
000215,2020-05-06,0,0.0
000215,2020-05-07,0,0.0
000215,2020-05-08,0,0.0
000215,2020-05-09,0,0
000215,2020-05-10,0,0
000215,2020-05-11,0,0.0
000215,2020-05-12,0,0.0
000215,2020-05-13,0,0.0
000215,2020-05-14,0,0.0
000215,2020-05-15,0,0.0
000215,2020-05-16,0,0
000215,2020-05-17,0,0
000215,2020-05-18,0,0.0
000215,2020-05-19,0,0.0
000215,2020-05-20,0,0.0
000215,2020-05-21,0,0.0
000215,2020-05-22,0,0.0
000215,2020-05-23,0,0
000215,2020-05-24,0,0
000215,2020-05-25,0,0.0
000215,2020-05-26,0,0.0
000215,2020-05-27,0,0.0
000215,2020-05-28,0,0.0
000215,2020-05-29,0,0.0
000215,2020-05-30,0,0
000215,2020-05-31,0,0
000215,2020-06-01,0,0.0
000215,2020-06-02,0,0.0
000215,2020-06-03,116,59.98
000215,2020-06-04,144,74.5
000215,2020-06-05,161,83.35
000215,2020-06-06,0,0
000215,2020-06-07,0,0
000215,2020-06-08,165,85.41
000215,2020-06-09,128,66.2
000215,2020-06-10,0,0.0
000215,2020-06-11,149,77.08
000215,2020-06-12,0,0.0
000215,2020-06-13,0,0
000215,2020-06-14,0,0
000215,2020-06-15,165,85.34
000215,2020-06-16,0,0.0
000215,2020-06-17,0,0.0
000215,2020-06-18,0,0.0
000215,2020-06-19,0,0.0
000215,2020-06-20,0,0
000215,2020-06-21,0,0
000215,2020-06-22,0,0.0
000215,2020-06-23,0,0.0
000215,2020-06-24,0,0.0
000215,2020-06-25,0,0
000215,2020-06-26,0,0
000215,2020-06-27,0,0
000215,2020-06-28,0,0
000215,2020-06-29,0,0.0
000215,2020-06-30,0,0.0
000215,2020-07-01,0,0.0
000215,2020-07-02,0,0.0
000215,2020-07-03,0,0.0
000215,2020-07-04,0,0
000215,2020-07-05,0,0
000215,2020-07-06,0,0.0
000215,2020-07-07,0,0.0
000215,2020-07-08,0,0.0
000215,2020-07-09,0,0.0
000215,2020-07-10,0,0.0
000215,2020-07-11,0,0
000215,2020-07-12,0,0
000215,2020-07-13,0,0.0
000215,2020-07-14,0,0.0
000215,2020-07-15,0,0.0
000215,2020-07-16,0,0.0
000215,2020-07-17,0,0.0
000215,2020-07-18,0,0
000215,2020-07-19,0,0
000215,2020-07-20,0,0.0
000215,2020-07-21,0,0.0
000215,2020-07-22,0,0.0
000215,2020-07-23,0,0.0
000215,2020-07-24,0,0.0
000215,2020-07-25,0,0
000215,2020-07-26,0,0
000215,2020-07-27,0,0.0
000215,2020-07-28,0,0.0
000215,2020-07-29,0,0.0
000215,2020-07-30,0,0.0
000215,2020-07-31,0,0.0
000215,2020-08-01,0,0
000215,2020-08-02,0,0
000215,2020-08-03,0,0.0
000215,2020-08-04,0,0.0
000215,2020-08-05,0,0.0
000215,2020-08-06,0,0.0
000215,2020-08-07,0,0.0
000215,2020-08-08,0,0
000215,2020-08-09,0,0
000215,2020-08-10,0,0.0
000215,2020-08-11,0,0.0
000215,2020-08-12,0,0.0
000215,2020-08-13,0,0.0
000215,2020-08-14,0,0.0
000215,2020-08-15,0,0
000215,2020-08-16,0,0
000215,2020-08-17,0,0.0
000215,2020-08-18,0,0.0
000215,2020-08-19,0,0.0
000215,2020-08-20,0,0.0
000215,2020-08-21,0,0.0
000215,2020-08-22,0,0
000215,2020-08-23,0,0
000215,2020-08-24,0,0.0
000215,2020-08-25,0,0.0
000215,2020-08-26,0,0.0
000215,2020-08-27,0,0.0
000215,2020-08-28,0,0.0
000215,2020-08-29,0,0
000215,2020-08-30,0,0
000215,2020-08-31,0,0.0
000215,2020-09-01,0,0.0
000215,2020-09-02,0,0.0
000215,2020-09-03,0,0.0
000215,2020-09-04,0,0.0
000215,2020-09-05,0,0
000215,2020-09-06,0,0
000215,2020-09-07,166,83.64
000215,2020-09-08,178,89.71
000215,2020-09-09,281,142.3
000215,2020-09-10,299,151.65
000215,2020-09-11,239,120.92
000215,2020-09-12,0,0
000215,2020-09-13,0,0
000215,2020-09-14,263,132.92
000215,2020-09-15,218,110.0
000215,2020-09-16,222,112.07
000215,2020-09-17,212,106.98
000215,2020-09-18,100,50.36
000215,2020-09-19,0,0
000215,2020-09-20,0,0
000215,2020-09-21,110,55.39
000215,2020-09-22,247,124.66
000215,2020-09-23,182,91.75
000215,2020-09-24,315,159.24
000215,2020-09-25,315,159.24
000215,2020-09-26,0,0
000215,2020-09-27,0,0
000215,2020-09-28,345,174.47
000215,2020-09-29,233,117.61
000215,2020-09-30,251,126.72
000215,2020-10-01,0,0
000215,2020-10-02,0,0
000215,2020-10-03,0,0
000215,2020-10-04,0,0
000215,2020-10-05,0,0
000215,2020-10-06,0,0
000215,2020-10-07,0,0
000215,2020-10-08,0,0
000215,2020-10-09,0,0.0
000215,2020-10-10,0,0
000215,2020-10-11,0,0
000215,2020-10-12,0,0.0
000215,2020-10-13,0,0.0
000215,2020-10-14,0,0.0
000215,2020-10-15,0,0.0
000215,2020-10-16,0,0.0
000215,2020-10-17,0,0
000215,2020-10-18,0,0
000215,2020-10-19,124,62.44
000215,2020-10-20,0,0.0
000215,2020-10-21,129,64.97
000215,2020-10-22,174,87.74
000215,2020-10-23,267,134.9
000215,2020-10-24,0,0
000215,2020-10-25,0,0
000215,2020-10-26,242,122.19
000215,2020-10-27,124,62.53
000215,2020-10-28,0,0.0
000215,2020-10-29,0,0.0
000215,2020-10-30,147,74.14
000215,2020-10-31,0,0
000215,2020-11-01,0,0
000215,2020-11-02,0,0.0
000215,2020-11-03,0,0.0
000215,2020-11-04,0,0.0
000215,2020-11-05,0,0.0
000215,2020-11-06,0,0.0
000215,2020-11-07,0,0
000215,2020-11-08,0,0
000215,2020-11-09,0,0.0
000215,2020-11-10,0,0.0
000215,2020-11-11,0,0.0
000215,2020-11-12,0,0.0
000215,2020-11-13,0,0.0
000215,2020-11-14,0,0
000215,2020-11-15,0,0
000215,2020-11-16,0,0.0
000215,2020-11-17,100,50.33
000215,2020-11-18,0,0.0
000215,2020-11-19,0,0.0
000215,2020-11-20,0,0.0
000215,2020-11-21,0,0
000215,2020-11-22,0,0
000215,2020-11-23,0,0.0
000215,2020-11-24,0,0.0
000215,2020-11-25,198,99.72
000215,2020-11-26,218,109.81
000215,2020-11-27,123,61.89
000215,2020-11-28,0,0
000215,2020-11-29,0,0
000215,2020-11-30,117,58.86
000215,2020-12-01,0,0.0
000215,2020-12-02,0,0.0
000215,2020-12-03,0,0.0
000215,2020-12-04,0,0.0
000215,2020-12-05,0,0
000215,2020-12-06,0,0
000215,2020-12-07,0,0.0
000215,2020-12-08,0,0.0
000215,2020-12-09,0,0.0
000215,2020-12-10,0,0.0
000215,2020-12-11,110,55.31
000215,2020-12-12,0,0
000215,2020-12-13,0,0
000215,2020-12-14,0,0.0
000215,2020-12-15,0,0.0
000215,2020-12-16,0,0.0
000215,2020-12-17,0,0.0
000215,2020-12-18,0,0.0
000215,2020-12-19,0,0
000215,2020-12-20,0,0
000215,2020-12-21,0,0.0
