003765,2015-12-23,0,0
003765,2015-12-24,0,0
003765,2015-12-25,0,0
003765,2015-12-26,0,0
003765,2015-12-27,0,0
003765,2015-12-28,0,0
003765,2015-12-29,0,0
003765,2015-12-30,0,0
003765,2015-12-31,0,0
003765,2016-01-01,0,0
003765,2016-01-02,0,0
003765,2016-01-03,0,0
003765,2016-01-04,0,0
003765,2016-01-05,0,0
003765,2016-01-06,0,0
003765,2016-01-07,0,0
003765,2016-01-08,0,0
003765,2016-01-09,0,0
003765,2016-01-10,0,0
003765,2016-01-11,0,0
003765,2016-01-12,0,0
003765,2016-01-13,0,0
003765,2016-01-14,0,0
003765,2016-01-15,0,0
003765,2016-01-16,0,0
003765,2016-01-17,0,0
003765,2016-01-18,0,0
003765,2016-01-19,0,0
003765,2016-01-20,0,0
003765,2016-01-21,0,0
003765,2016-01-22,0,0
003765,2016-01-23,0,0
003765,2016-01-24,0,0
003765,2016-01-25,0,0
003765,2016-01-26,0,0
003765,2016-01-27,0,0
003765,2016-01-28,0,0
003765,2016-01-29,0,0
003765,2016-01-30,0,0
003765,2016-01-31,0,0
003765,2016-02-01,0,0
003765,2016-02-02,0,0
003765,2016-02-03,0,0
003765,2016-02-04,0,0
003765,2016-02-05,0,0
003765,2016-02-06,0,0
003765,2016-02-07,0,0
003765,2016-02-08,0,0
003765,2016-02-09,0,0
003765,2016-02-10,0,0
003765,2016-02-11,0,0
003765,2016-02-12,0,0
003765,2016-02-13,0,0
003765,2016-02-14,0,0
003765,2016-02-15,0,0
003765,2016-02-16,0,0
003765,2016-02-17,0,0
003765,2016-02-18,0,0
003765,2016-02-19,0,0
003765,2016-02-20,0,0
003765,2016-02-21,0,0
003765,2016-02-22,0,0
003765,2016-02-23,0,0
003765,2016-02-24,0,0
003765,2016-02-25,0,0
003765,2016-02-26,0,0
003765,2016-02-27,0,0
003765,2016-02-28,0,0
003765,2016-02-29,0,0
003765,2016-03-01,0,0
003765,2016-03-02,0,0
003765,2016-03-03,0,0
003765,2016-03-04,0,0
003765,2016-03-05,0,0
003765,2016-03-06,0,0
003765,2016-03-07,0,0
003765,2016-03-08,0,0
003765,2016-03-09,0,0
003765,2016-03-10,0,0
003765,2016-03-11,0,0
003765,2016-03-12,0,0
003765,2016-03-13,0,0
003765,2016-03-14,0,0
003765,2016-03-15,0,0
003765,2016-03-16,0,0
003765,2016-03-17,0,0
003765,2016-03-18,0,0
003765,2016-03-19,0,0
003765,2016-03-20,0,0
003765,2016-03-21,0,0
003765,2016-03-22,0,0
003765,2016-03-23,0,0
003765,2016-03-24,0,0
003765,2016-03-25,0,0
003765,2016-03-26,0,0
003765,2016-03-27,0,0
003765,2016-03-28,0,0
003765,2016-03-29,0,0
003765,2016-03-30,0,0
003765,2016-03-31,0,0
003765,2016-04-01,0,0
003765,2016-04-02,0,0
003765,2016-04-03,0,0
003765,2016-04-04,0,0
003765,2016-04-05,0,0
003765,2016-04-06,0,0
003765,2016-04-07,0,0
003765,2016-04-08,0,0
003765,2016-04-09,0,0
003765,2016-04-10,0,0
003765,2016-04-11,0,0
003765,2016-04-12,0,0
003765,2016-04-13,0,0
003765,2016-04-14,0,0
003765,2016-04-15,0,0
003765,2016-04-16,0,0
003765,2016-04-17,0,0
003765,2016-04-18,0,0
003765,2016-04-19,0,0
003765,2016-04-20,0,0
003765,2016-04-21,0,0
003765,2016-04-22,0,0
003765,2016-04-23,0,0
003765,2016-04-24,0,0
003765,2016-04-25,0,0
003765,2016-04-26,0,0
003765,2016-04-27,0,0
003765,2016-04-28,0,0
003765,2016-04-29,0,0
003765,2016-04-30,0,0
003765,2016-05-01,0,0
003765,2016-05-02,0,0
003765,2016-05-03,0,0
003765,2016-05-04,0,0
003765,2016-05-05,0,0
003765,2016-05-06,0,0
003765,2016-05-07,0,0
003765,2016-05-08,0,0
003765,2016-05-09,0,0
003765,2016-05-10,0,0
003765,2016-05-11,0,0
003765,2016-05-12,0,0
003765,2016-05-13,0,0
003765,2016-05-14,0,0
003765,2016-05-15,0,0
003765,2016-05-16,0,0
003765,2016-05-17,0,0
003765,2016-05-18,0,0
003765,2016-05-19,0,0
003765,2016-05-20,0,0
003765,2016-05-21,0,0
003765,2016-05-22,0,0
003765,2016-05-23,0,0
003765,2016-05-24,0,0
003765,2016-05-25,0,0
003765,2016-05-26,0,0
003765,2016-05-27,0,0
003765,2016-05-28,0,0
003765,2016-05-29,0,0
003765,2016-05-30,0,0
003765,2016-05-31,0,0
003765,2016-06-01,0,0
003765,2016-06-02,0,0
003765,2016-06-03,0,0
003765,2016-06-04,0,0
003765,2016-06-05,0,0
003765,2016-06-06,0,0
003765,2016-06-07,0,0
003765,2016-06-08,0,0
003765,2016-06-09,0,0
003765,2016-06-10,0,0
003765,2016-06-11,0,0
003765,2016-06-12,0,0
003765,2016-06-13,0,0
003765,2016-06-14,0,0
003765,2016-06-15,0,0
003765,2016-06-16,0,0
003765,2016-06-17,0,0
003765,2016-06-18,0,0
003765,2016-06-19,0,0
003765,2016-06-20,0,0
003765,2016-06-21,0,0
003765,2016-06-22,0,0
003765,2016-06-23,0,0
003765,2016-06-24,0,0
003765,2016-06-25,0,0
003765,2016-06-26,0,0
003765,2016-06-27,0,0
003765,2016-06-28,0,0
003765,2016-06-29,0,0
003765,2016-06-30,0,0
003765,2016-07-01,0,0
003765,2016-07-02,0,0
003765,2016-07-03,0,0
003765,2016-07-04,0,0
003765,2016-07-05,0,0
003765,2016-07-06,0,0
003765,2016-07-07,0,0
003765,2016-07-08,0,0
003765,2016-07-09,0,0
003765,2016-07-10,0,0
003765,2016-07-11,0,0
003765,2016-07-12,0,0
003765,2016-07-13,0,0
003765,2016-07-14,0,0
003765,2016-07-15,0,0
003765,2016-07-16,0,0
003765,2016-07-17,0,0
003765,2016-07-18,0,0
003765,2016-07-19,0,0
003765,2016-07-20,0,0
003765,2016-07-21,0,0
003765,2016-07-22,0,0
003765,2016-07-23,0,0
003765,2016-07-24,0,0
003765,2016-07-25,0,0
003765,2016-07-26,0,0
003765,2016-07-27,0,0
003765,2016-07-28,0,0
003765,2016-07-29,0,0
003765,2016-07-30,0,0
003765,2016-07-31,0,0
003765,2016-08-01,0,0
003765,2016-08-02,0,0
003765,2016-08-03,0,0
003765,2016-08-04,0,0
003765,2016-08-05,0,0
003765,2016-08-06,0,0
003765,2016-08-07,0,0
003765,2016-08-08,0,0
003765,2016-08-09,0,0
003765,2016-08-10,0,0
003765,2016-08-11,0,0
003765,2016-08-12,0,0
003765,2016-08-13,0,0
003765,2016-08-14,0,0
003765,2016-08-15,0,0
003765,2016-08-16,0,0
003765,2016-08-17,0,0
003765,2016-08-18,0,0
003765,2016-08-19,0,0
003765,2016-08-20,0,0
003765,2016-08-21,0,0
003765,2016-08-22,0,0
003765,2016-08-23,0,0
003765,2016-08-24,0,0
003765,2016-08-25,0,0
003765,2016-08-26,0,0
003765,2016-08-27,0,0
003765,2016-08-28,0,0
003765,2016-08-29,0,0
003765,2016-08-30,0,0
003765,2016-08-31,0,0
003765,2016-09-01,0,0
003765,2016-09-02,0,0
003765,2016-09-03,0,0
003765,2016-09-04,0,0
003765,2016-09-05,0,0
003765,2016-09-06,0,0
003765,2016-09-07,0,0
003765,2016-09-08,0,0
003765,2016-09-09,0,0
003765,2016-09-10,0,0
003765,2016-09-11,0,0
003765,2016-09-12,0,0
003765,2016-09-13,0,0
003765,2016-09-14,0,0
003765,2016-09-15,0,0
003765,2016-09-16,0,0
003765,2016-09-17,0,0
003765,2016-09-18,0,0
003765,2016-09-19,0,0
003765,2016-09-20,0,0
003765,2016-09-21,0,0
003765,2016-09-22,0,0
003765,2016-09-23,0,0
003765,2016-09-24,0,0
003765,2016-09-25,0,0
003765,2016-09-26,0,0
003765,2016-09-27,0,0
003765,2016-09-28,0,0
003765,2016-09-29,0,0
003765,2016-09-30,0,0
003765,2016-10-01,0,0
003765,2016-10-02,0,0
003765,2016-10-03,0,0
003765,2016-10-04,0,0
003765,2016-10-05,0,0
003765,2016-10-06,0,0
003765,2016-10-07,0,0
003765,2016-10-08,0,0
003765,2016-10-09,0,0
003765,2016-10-10,0,0
003765,2016-10-11,0,0
003765,2016-10-12,0,0
003765,2016-10-13,0,0
003765,2016-10-14,0,0
003765,2016-10-15,0,0
003765,2016-10-16,0,0
003765,2016-10-17,0,0
003765,2016-10-18,0,0
003765,2016-10-19,0,0
003765,2016-10-20,0,0
003765,2016-10-21,0,0
003765,2016-10-22,0,0
003765,2016-10-23,0,0
003765,2016-10-24,0,0
003765,2016-10-25,0,0
003765,2016-10-26,0,0
003765,2016-10-27,0,0
003765,2016-10-28,0,0
003765,2016-10-29,0,0
003765,2016-10-30,0,0
003765,2016-10-31,0,0
003765,2016-11-01,0,0
003765,2016-11-02,0,0
003765,2016-11-03,0,0
003765,2016-11-04,0,0
003765,2016-11-05,0,0
003765,2016-11-06,0,0
003765,2016-11-07,0,0
003765,2016-11-08,0,0
003765,2016-11-09,0,0
003765,2016-11-10,0,0
003765,2016-11-11,0,0
003765,2016-11-12,0,0
003765,2016-11-13,0,0
003765,2016-11-14,0,0
003765,2016-11-15,0,0
003765,2016-11-16,0,0
003765,2016-11-17,0,0
003765,2016-11-18,0,0
003765,2016-11-19,0,0
003765,2016-11-20,0,0
003765,2016-11-21,0,0
003765,2016-11-22,0,0
003765,2016-11-23,0,0
003765,2016-11-24,0,0
003765,2016-11-25,0,0
003765,2016-11-26,0,0
003765,2016-11-27,0,0
003765,2016-11-28,0,0
003765,2016-11-29,0,0
003765,2016-11-30,0,0
003765,2016-12-01,0,0
003765,2016-12-02,0,0
003765,2016-12-03,0,0
003765,2016-12-04,0,0
003765,2016-12-05,0,0
003765,2016-12-06,0,0
003765,2016-12-07,0,0
003765,2016-12-08,0,0
003765,2016-12-09,0,0
003765,2016-12-10,0,0
003765,2016-12-11,0,0
003765,2016-12-12,0,0
003765,2016-12-13,0,0
003765,2016-12-14,0,0
003765,2016-12-15,0,0
003765,2016-12-16,0,0
003765,2016-12-17,0,0
003765,2016-12-18,0,0
003765,2016-12-19,0,0
003765,2016-12-20,0,0
003765,2016-12-21,0,0
003765,2016-12-22,0,0
003765,2016-12-23,0,0
003765,2016-12-24,0,0
003765,2016-12-25,0,0
003765,2016-12-26,0,0
003765,2016-12-27,0,0
003765,2016-12-28,0,0
003765,2016-12-29,0,0
003765,2016-12-30,0,0
003765,2016-12-31,0,0
003765,2017-01-01,0,0
003765,2017-01-02,0,0
003765,2017-01-03,0,0
003765,2017-01-04,0,0
003765,2017-01-05,0,0
003765,2017-01-06,0,0
003765,2017-01-07,0,0
003765,2017-01-08,0,0
003765,2017-01-09,0,0
003765,2017-01-10,0,0
003765,2017-01-11,0,0
003765,2017-01-12,0,0
003765,2017-01-13,0,0
003765,2017-01-14,0,0
003765,2017-01-15,0,0
003765,2017-01-16,0,0
003765,2017-01-17,0,0
003765,2017-01-18,0,0
003765,2017-01-19,0,0
003765,2017-01-20,0,0
003765,2017-01-21,0,0
003765,2017-01-22,0,0
003765,2017-01-23,0,0
003765,2017-01-24,0,0
003765,2017-01-25,0,0
003765,2017-01-26,0,0
003765,2017-01-27,0,0
003765,2017-01-28,0,0
003765,2017-01-29,0,0
003765,2017-01-30,0,0
003765,2017-01-31,0,0
003765,2017-02-01,0,0
003765,2017-02-02,0,0
003765,2017-02-03,0,0
003765,2017-02-04,0,0
003765,2017-02-05,0,0
003765,2017-02-06,0,0
003765,2017-02-07,0,0
003765,2017-02-08,0,0
003765,2017-02-09,0,0
003765,2017-02-10,0,0
003765,2017-02-11,0,0
003765,2017-02-12,0,0
003765,2017-02-13,0,0
003765,2017-02-14,0,0
003765,2017-02-15,0,0
003765,2017-02-16,0,0
003765,2017-02-17,0,0
003765,2017-02-18,0,0
003765,2017-02-19,0,0
003765,2017-02-20,0,0
003765,2017-02-21,0,0
003765,2017-02-22,0,0
003765,2017-02-23,0,0
003765,2017-02-24,0,0
003765,2017-02-25,0,0
003765,2017-02-26,0,0
003765,2017-02-27,0,0
003765,2017-02-28,0,0
003765,2017-03-01,0,0
003765,2017-03-02,0,0
003765,2017-03-03,0,0
003765,2017-03-04,0,0
003765,2017-03-05,0,0
003765,2017-03-06,0,0
003765,2017-03-07,0,0
003765,2017-03-08,0,0
003765,2017-03-09,0,0
003765,2017-03-10,0,0
003765,2017-03-11,0,0
003765,2017-03-12,0,0
003765,2017-03-13,0,0
003765,2017-03-14,0,0
003765,2017-03-15,0,0
003765,2017-03-16,0,0
003765,2017-03-17,0,0
003765,2017-03-18,0,0
003765,2017-03-19,0,0
003765,2017-03-20,0,0
003765,2017-03-21,0,0
003765,2017-03-22,0,0
003765,2017-03-23,0,0
003765,2017-03-24,0,0
003765,2017-03-25,0,0
003765,2017-03-26,0,0
003765,2017-03-27,0,0
003765,2017-03-28,0,0
003765,2017-03-29,0,0
003765,2017-03-30,0,0
003765,2017-03-31,0,0
003765,2017-04-01,0,0
003765,2017-04-02,0,0
003765,2017-04-03,0,0
003765,2017-04-04,0,0
003765,2017-04-05,0,0
003765,2017-04-06,0,0
003765,2017-04-07,0,0
003765,2017-04-08,0,0
003765,2017-04-09,0,0
003765,2017-04-10,0,0
003765,2017-04-11,0,0
003765,2017-04-12,0,0
003765,2017-04-13,0,0
003765,2017-04-14,0,0
003765,2017-04-15,0,0
003765,2017-04-16,0,0
003765,2017-04-17,0,0
003765,2017-04-18,0,0
003765,2017-04-19,0,0
003765,2017-04-20,0,0
003765,2017-04-21,0,0
003765,2017-04-22,0,0
003765,2017-04-23,0,0
003765,2017-04-24,0,0
003765,2017-04-25,0,0
003765,2017-04-26,0,0
003765,2017-04-27,0,0
003765,2017-04-28,0,0
003765,2017-04-29,0,0
003765,2017-04-30,0,0
003765,2017-05-01,0,0
003765,2017-05-02,0,0
003765,2017-05-03,0,0
003765,2017-05-04,0,0
003765,2017-05-05,0,0
003765,2017-05-06,0,0
003765,2017-05-07,0,0
003765,2017-05-08,0,0
003765,2017-05-09,0,0
003765,2017-05-10,0,0
003765,2017-05-11,0,0
003765,2017-05-12,0,0
003765,2017-05-13,0,0
003765,2017-05-14,0,0
003765,2017-05-15,0,0
003765,2017-05-16,0,0
003765,2017-05-17,0,0
003765,2017-05-18,0,0
003765,2017-05-19,0,0
003765,2017-05-20,0,0
003765,2017-05-21,0,0
003765,2017-05-22,0,0
003765,2017-05-23,0,0
003765,2017-05-24,0,0
003765,2017-05-25,0,0.0
003765,2017-05-26,151,151.0
003765,2017-05-27,0,0
003765,2017-05-28,0,0
003765,2017-05-29,0,0
003765,2017-05-30,0,0
003765,2017-05-31,0,0
003765,2017-06-01,0,0
003765,2017-06-02,153,153.02
003765,2017-06-03,0,0
003765,2017-06-04,0,0
003765,2017-06-05,0,0
003765,2017-06-06,0,0
003765,2017-06-07,0,0
003765,2017-06-08,0,0
003765,2017-06-09,0,0.0
003765,2017-06-10,0,0
003765,2017-06-11,0,0
003765,2017-06-12,0,0
003765,2017-06-13,0,0
003765,2017-06-14,0,0
003765,2017-06-15,0,0
003765,2017-06-16,0,0.0
003765,2017-06-17,0,0
003765,2017-06-18,0,0
003765,2017-06-19,0,0.0
003765,2017-06-20,0,0.0
003765,2017-06-21,0,0.0
003765,2017-06-22,148,148.56
003765,2017-06-23,143,142.91
003765,2017-06-24,0,0
003765,2017-06-25,0,0
003765,2017-06-26,0,0.0
003765,2017-06-27,0,0.0
003765,2017-06-28,144,143.97
003765,2017-06-29,0,0.0
003765,2017-06-30,0,0.0
003765,2017-07-01,0,0
003765,2017-07-02,0,0
003765,2017-07-03,0,0.0
003765,2017-07-04,0,0.0
003765,2017-07-05,0,0.0
003765,2017-07-06,0,0.0
003765,2017-07-07,0,0.0
003765,2017-07-08,0,0
003765,2017-07-09,0,0
003765,2017-07-10,145,145.44
003765,2017-07-11,154,156.08
003765,2017-07-12,152,153.8
003765,2017-07-13,156,158.55
003765,2017-07-14,173,179.14
003765,2017-07-15,0,0
003765,2017-07-16,0,0
003765,2017-07-17,233,253.95
003765,2017-07-18,220,238.04
003765,2017-07-19,204,218.56
003765,2017-07-20,199,212.72
003765,2017-07-21,196,209.36
003765,2017-07-22,0,0
003765,2017-07-23,0,0
003765,2017-07-24,197,210.85
003765,2017-07-25,194,207.44
003765,2017-07-26,198,212.61
003765,2017-07-27,160,166.04
003765,2017-07-28,164,170.98
003765,2017-07-29,0,0
003765,2017-07-30,0,0
003765,2017-07-31,163,169.79
003765,2017-08-01,162,168.38
003765,2017-08-02,170,178.1
003765,2017-08-03,166,173.21
003765,2017-08-04,173,181.8
003765,2017-08-05,0,0
003765,2017-08-06,0,0
003765,2017-08-07,166,173.26
003765,2017-08-08,152,156.2
003765,2017-08-09,149,152.87
003765,2017-08-10,155,160.01
003765,2017-08-11,160,166.23
003765,2017-08-12,0,0
003765,2017-08-13,0,0
003765,2017-08-14,0,0.0
003765,2017-08-15,0,0.0
003765,2017-08-16,0,0.0
003765,2017-08-17,0,0.0
003765,2017-08-18,0,0.0
003765,2017-08-19,0,0
003765,2017-08-20,0,0
003765,2017-08-21,0,0.0
003765,2017-08-22,0,0.0
003765,2017-08-23,0,0.0
003765,2017-08-24,0,0.0
003765,2017-08-25,0,0.0
003765,2017-08-26,0,0
003765,2017-08-27,0,0
003765,2017-08-28,0,0.0
003765,2017-08-29,0,0.0
003765,2017-08-30,0,0.0
003765,2017-08-31,0,0.0
003765,2017-09-01,0,0.0
003765,2017-09-02,0,0
003765,2017-09-03,0,0
003765,2017-09-04,0,0.0
003765,2017-09-05,0,0.0
003765,2017-09-06,0,0.0
003765,2017-09-07,0,0.0
003765,2017-09-08,0,0.0
003765,2017-09-09,0,0
003765,2017-09-10,0,0
003765,2017-09-11,0,0.0
003765,2017-09-12,0,0.0
003765,2017-09-13,0,0.0
003765,2017-09-14,0,0.0
003765,2017-09-15,0,0.0
003765,2017-09-16,0,0
003765,2017-09-17,0,0
003765,2017-09-18,0,0.0
003765,2017-09-19,0,0.0
003765,2017-09-20,0,0.0
003765,2017-09-21,0,0.0
003765,2017-09-22,0,0.0
003765,2017-09-23,0,0
003765,2017-09-24,0,0
003765,2017-09-25,0,0.0
003765,2017-09-26,0,0.0
003765,2017-09-27,0,0.0
003765,2017-09-28,0,0.0
003765,2017-09-29,0,0.0
003765,2017-09-30,0,0
003765,2017-10-01,0,0
003765,2017-10-02,0,0
003765,2017-10-03,0,0
003765,2017-10-04,0,0
003765,2017-10-05,0,0
003765,2017-10-06,0,0
003765,2017-10-07,0,0
003765,2017-10-08,0,0
003765,2017-10-09,0,0.0
003765,2017-10-10,0,0.0
003765,2017-10-11,0,0.0
003765,2017-10-12,0,0.0
003765,2017-10-13,0,0.0
003765,2017-10-14,0,0
003765,2017-10-15,0,0
003765,2017-10-16,0,0.0
003765,2017-10-17,0,0.0
003765,2017-10-18,0,0.0
003765,2017-10-19,0,0.0
003765,2017-10-20,0,0.0
003765,2017-10-21,0,0
003765,2017-10-22,0,0
003765,2017-10-23,0,0.0
003765,2017-10-24,0,0.0
003765,2017-10-25,0,0.0
003765,2017-10-26,0,0.0
003765,2017-10-27,0,0.0
003765,2017-10-28,0,0
003765,2017-10-29,0,0
003765,2017-10-30,0,0.0
003765,2017-10-31,0,0.0
003765,2017-11-01,0,0.0
003765,2017-11-02,0,0.0
003765,2017-11-03,0,0.0
003765,2017-11-04,0,0
003765,2017-11-05,0,0
003765,2017-11-06,0,0.0
003765,2017-11-07,0,0.0
003765,2017-11-08,0,0.0
003765,2017-11-09,0,0.0
003765,2017-11-10,0,0.0
003765,2017-11-11,0,0
003765,2017-11-12,0,0
003765,2017-11-13,0,0.0
003765,2017-11-14,0,0.0
003765,2017-11-15,0,0.0
003765,2017-11-16,0,0.0
003765,2017-11-17,0,0.0
003765,2017-11-18,0,0
003765,2017-11-19,0,0
003765,2017-11-20,0,0.0
003765,2017-11-21,0,0.0
003765,2017-11-22,0,0.0
003765,2017-11-23,126,126.53
003765,2017-11-24,132,133.39
003765,2017-11-25,0,0
003765,2017-11-26,0,0
003765,2017-11-27,141,144.1
003765,2017-11-28,127,127.64
003765,2017-11-29,129,130.01
003765,2017-11-30,136,138.31
003765,2017-12-01,122,121.88
003765,2017-12-02,0,0
003765,2017-12-03,0,0
003765,2017-12-04,125,125.33
003765,2017-12-05,141,144.32
003765,2017-12-06,130,131.3
003765,2017-12-07,133,134.83
003765,2017-12-08,127,127.73
003765,2017-12-09,0,0
003765,2017-12-10,0,0
003765,2017-12-11,0,0.0
003765,2017-12-12,124,124.32
003765,2017-12-13,121,120.84
003765,2017-12-14,126,126.58
003765,2017-12-15,130,131.3
003765,2017-12-16,0,0
003765,2017-12-17,0,0
003765,2017-12-18,132,133.58
003765,2017-12-19,124,124.31
003765,2017-12-20,131,132.42
003765,2017-12-21,127,127.87
003765,2017-12-22,131,132.58
003765,2017-12-23,0,0
003765,2017-12-24,0,0
003765,2017-12-25,141,144.47
003765,2017-12-26,140,143.18
003765,2017-12-27,146,150.38
003765,2017-12-28,146,150.38
003765,2017-12-29,142,145.66
003765,2017-12-30,0,0
003765,2017-12-31,142,145.69
003765,2018-01-01,0,0
003765,2018-01-02,141,143.58
003765,2018-01-03,130,130.68
003765,2018-01-04,130,130.73
003765,2018-01-05,127,127.25
003765,2018-01-06,0,0
003765,2018-01-07,0,0
003765,2018-01-08,125,124.96
003765,2018-01-09,126,126.14
003765,2018-01-10,131,131.99
003765,2018-01-11,125,125.1
003765,2018-01-12,133,134.37
003765,2018-01-13,0,0
003765,2018-01-14,0,0
003765,2018-01-15,157,163.07
003765,2018-01-16,159,165.49
003765,2018-01-17,152,157.01
003765,2018-01-18,154,159.34
003765,2018-01-19,158,164.33
003765,2018-01-20,0,0
003765,2018-01-21,0,0
003765,2018-01-22,140,142.55
003765,2018-01-23,140,142.6
003765,2018-01-24,0,0.0
003765,2018-01-25,0,0.0
003765,2018-01-26,0,0.0
003765,2018-01-27,0,0
003765,2018-01-28,0,0
003765,2018-01-29,127,127.25
003765,2018-01-30,134,135.44
003765,2018-01-31,155,160.44
003765,2018-02-01,176,185.95
003765,2018-02-02,174,183.35
003765,2018-02-03,0,0
003765,2018-02-04,0,0
003765,2018-02-05,183,194.21
003765,2018-02-06,249,278.06
003765,2018-02-07,232,256.38
003765,2018-02-08,212,230.96
003765,2018-02-09,251,281.04
003765,2018-02-10,0,0
003765,2018-02-11,0,0
003765,2018-02-12,206,223.55
003765,2018-02-13,201,218.03
003765,2018-02-14,202,219.33
003765,2018-02-15,0,0
003765,2018-02-16,0,0
003765,2018-02-17,0,0
003765,2018-02-18,0,0
003765,2018-02-19,0,0
003765,2018-02-20,0,0
003765,2018-02-21,0,0
003765,2018-02-22,178,189.68
003765,2018-02-23,184,197.07
003765,2018-02-24,0,0
003765,2018-02-25,0,0
003765,2018-02-26,149,154.21
003765,2018-02-27,152,156.12
003765,2018-02-28,147,150.12
003765,2018-03-01,0,0.0
003765,2018-03-02,139,140.5
003765,2018-03-03,0,0
003765,2018-03-04,0,0
003765,2018-03-05,0,0.0
003765,2018-03-06,0,0.0
003765,2018-03-07,0,0.0
003765,2018-03-08,0,0.0
003765,2018-03-09,0,0.0
003765,2018-03-10,0,0
003765,2018-03-11,0,0
003765,2018-03-12,0,0.0
003765,2018-03-13,0,0.0
003765,2018-03-14,0,0.0
003765,2018-03-15,0,0.0
003765,2018-03-16,0,0.0
003765,2018-03-17,0,0
003765,2018-03-18,0,0
003765,2018-03-19,0,0.0
003765,2018-03-20,0,0.0
003765,2018-03-21,0,0.0
003765,2018-03-22,0,0.0
003765,2018-03-23,163,168.88
003765,2018-03-24,0,0
003765,2018-03-25,0,0
003765,2018-03-26,136,137.01
003765,2018-03-27,0,0.0
003765,2018-03-28,0,0.0
003765,2018-03-29,0,0.0
003765,2018-03-30,0,0.0
003765,2018-03-31,0,0
003765,2018-04-01,0,0
003765,2018-04-02,0,0.0
003765,2018-04-03,0,0.0
003765,2018-04-04,0,0.0
003765,2018-04-05,0,0
003765,2018-04-06,0,0
003765,2018-04-07,0,0
003765,2018-04-08,0,0
003765,2018-04-09,0,0.0
003765,2018-04-10,0,0.0
003765,2018-04-11,0,0.0
003765,2018-04-12,0,0.0
003765,2018-04-13,0,0.0
003765,2018-04-14,0,0
003765,2018-04-15,0,0
003765,2018-04-16,0,0.0
003765,2018-04-17,133,133.91
003765,2018-04-18,0,0.0
003765,2018-04-19,0,0.0
003765,2018-04-20,114,114.8
003765,2018-04-21,0,0
003765,2018-04-22,0,0
003765,2018-04-23,125,127.81
003765,2018-04-24,0,0.0
003765,2018-04-25,0,0.0
003765,2018-04-26,123,123.95
003765,2018-04-27,0,0.0
003765,2018-04-28,0,0
003765,2018-04-29,0,0
003765,2018-04-30,0,0
003765,2018-05-01,0,0
003765,2018-05-02,0,0.0
003765,2018-05-03,0,0.0
003765,2018-05-04,0,0.0
003765,2018-05-05,0,0
003765,2018-05-06,0,0
003765,2018-05-07,0,0.0
003765,2018-05-08,0,0.0
003765,2018-05-09,0,0.0
003765,2018-05-10,0,0.0
003765,2018-05-11,0,0.0
003765,2018-05-12,0,0
003765,2018-05-13,0,0
003765,2018-05-14,0,0.0
003765,2018-05-15,0,0.0
003765,2018-05-16,0,0.0
003765,2018-05-17,0,0.0
003765,2018-05-18,0,0.0
003765,2018-05-19,0,0
003765,2018-05-20,0,0
003765,2018-05-21,0,0.0
003765,2018-05-22,0,0.0
003765,2018-05-23,0,0.0
003765,2018-05-24,0,0.0
003765,2018-05-25,0,0.0
003765,2018-05-26,0,0
003765,2018-05-27,0,0
003765,2018-05-28,0,0.0
003765,2018-05-29,118,119.16
003765,2018-05-30,138,142.8
003765,2018-05-31,129,132.12
003765,2018-06-01,144,150.09
003765,2018-06-02,0,0
003765,2018-06-03,0,0
003765,2018-06-04,147,153.8
003765,2018-06-05,127,129.88
003765,2018-06-06,127,130.02
003765,2018-06-07,132,136.04
003765,2018-06-08,140,145.71
003765,2018-06-09,0,0
003765,2018-06-10,0,0
003765,2018-06-11,150,158.06
003765,2018-06-12,138,143.5
003765,2018-06-13,150,158.21
003765,2018-06-14,156,165.66
003765,2018-06-15,174,187.9
003765,2018-06-16,0,0
003765,2018-06-17,0,0
003765,2018-06-18,0,0
003765,2018-06-19,242,275.72
003765,2018-06-20,225,253.64
003765,2018-06-21,261,301.49
003765,2018-06-22,235,267.05
003765,2018-06-23,0,0
003765,2018-06-24,0,0
003765,2018-06-25,242,276.73
003765,2018-06-26,220,247.78
003765,2018-06-27,235,267.59
003765,2018-06-28,238,271.41
003765,2018-06-29,189,207.9
003765,2018-06-30,188,206.8
003765,2018-07-01,0,0
003765,2018-07-02,191,212.25
003765,2018-07-03,177,194.33
003765,2018-07-04,203,228.22
003765,2018-07-05,230,263.58
003765,2018-07-06,222,252.85
003765,2018-07-07,0,0
003765,2018-07-08,0,0
003765,2018-07-09,189,209.93
003765,2018-07-10,181,199.67
003765,2018-07-11,200,224.44
003765,2018-07-12,161,175.36
003765,2018-07-13,158,171.72
003765,2018-07-14,0,0
003765,2018-07-15,0,0
003765,2018-07-16,159,172.98
003765,2018-07-17,157,170.26
003765,2018-07-18,164,179.27
003765,2018-07-19,175,193.24
003765,2018-07-20,164,179.12
003765,2018-07-21,0,0
003765,2018-07-22,0,0
003765,2018-07-23,159,172.92
003765,2018-07-24,154,166.43
003765,2018-07-25,152,163.81
003765,2018-07-26,166,181.58
003765,2018-07-27,173,190.51
003765,2018-07-28,0,0
003765,2018-07-29,0,0
003765,2018-07-30,197,221.42
003765,2018-07-31,196,220.18
003765,2018-08-01,210,238.88
003765,2018-08-02,238,276.13
003765,2018-08-03,266,313.94
003765,2018-08-04,0,0
003765,2018-08-05,0,0
003765,2018-08-06,309,373.68
003765,2018-08-07,268,316.56
003765,2018-08-08,303,365.02
003765,2018-08-09,250,292.12
003765,2018-08-10,236,273.46
003765,2018-08-11,0,0
003765,2018-08-12,0,0
003765,2018-08-13,219,250.8
003765,2018-08-14,232,267.59
003765,2018-08-15,261,308.44
003765,2018-08-16,276,329.08
003765,2018-08-17,309,375.46
003765,2018-08-18,0,0
003765,2018-08-19,0,0
003765,2018-08-20,310,376.49
003765,2018-08-21,284,340.24
003765,2018-08-22,304,368.22
003765,2018-08-23,285,341.85
003765,2018-08-24,287,345.37
003765,2018-08-25,0,0
003765,2018-08-26,0,0
003765,2018-08-27,231,270.71
003765,2018-08-28,230,269.7
003765,2018-08-29,239,282.34
003765,2018-08-30,258,309.17
003765,2018-08-31,281,341.64
003765,2018-09-01,0,0
003765,2018-09-02,0,0
003765,2018-09-03,270,326.52
003765,2018-09-04,257,308.49
003765,2018-09-05,283,345.12
003765,2018-09-06,291,356.49
003765,2018-09-07,286,349.72
003765,2018-09-08,0,0
003765,2018-09-09,0,0
003765,2018-09-10,326,407.5
003765,2018-09-11,318,396.46
003765,2018-09-12,329,412.85
003765,2018-09-13,322,402.8
003765,2018-09-14,354,449.92
003765,2018-09-15,0,0
003765,2018-09-16,0,0
003765,2018-09-17,380,488.24
003765,2018-09-18,337,425.08
003765,2018-09-19,314,391.81
003765,2018-09-20,318,398.05
003765,2018-09-21,287,353.71
003765,2018-09-22,0,0
003765,2018-09-23,0,0
003765,2018-09-24,0,0
003765,2018-09-25,291,359.97
003765,2018-09-26,273,334.48
003765,2018-09-27,295,366.23
003765,2018-09-28,281,346.44
003765,2018-09-29,0,0
003765,2018-09-30,0,0
003765,2018-10-01,0,0
003765,2018-10-02,0,0
003765,2018-10-03,0,0
003765,2018-10-04,0,0
003765,2018-10-05,0,0
003765,2018-10-06,0,0
003765,2018-10-07,0,0
003765,2018-10-08,443,565.84
003765,2018-10-09,457,586.35
003765,2018-10-10,454,582.13
003765,2018-10-11,654,891.13
003765,2018-10-12,629,853.58
003765,2018-10-13,0,0
003765,2018-10-14,0,0
003765,2018-10-15,669,920.35
003765,2018-10-16,774,1091.52
003765,2018-10-17,718,1000.28
003765,2018-10-18,821,1167.85
003765,2018-10-19,665,915.1
003765,2018-10-20,0,0
003765,2018-10-21,0,0
003765,2018-10-22,496,652.03
003765,2018-10-23,549,733.27
003765,2018-10-24,564,757.66
003765,2018-10-25,587,794.21
003765,2018-10-26,614,836.74
003765,2018-10-27,0,0
003765,2018-10-28,0,0
003765,2018-10-29,667,917.34
003765,2018-10-30,623,850.86
003765,2018-10-31,580,783.25
003765,2018-11-01,549,735.83
003765,2018-11-02,417,535.58
003765,2018-11-03,0,0
003765,2018-11-04,0,0
003765,2018-11-05,413,530.17
003765,2018-11-06,408,523.75
003765,2018-11-07,413,531.33
003765,2018-11-08,439,570.8
003765,2018-11-09,448,585.39
003765,2018-11-10,0,0
003765,2018-11-11,0,0
003765,2018-11-12,367,464.91
003765,2018-11-13,334,416.51
003765,2018-11-14,341,426.94
003765,2018-11-15,314,388.13
003765,2018-11-16,316,391.14
003765,2018-11-17,0,0
003765,2018-11-18,0,0
003765,2018-11-19,326,405.88
003765,2018-11-20,380,485.5
003765,2018-11-21,366,465.12
003765,2018-11-22,378,483.19
003765,2018-11-23,457,602.66
003765,2018-11-24,0,0
003765,2018-11-25,0,0
003765,2018-11-26,462,611.11
003765,2018-11-27,439,576.27
003765,2018-11-28,392,505.87
003765,2018-11-29,439,577.25
003765,2018-11-30,406,527.82
003765,2018-12-01,0,0
003765,2018-12-02,0,0
003765,2018-12-03,338,426.66
003765,2018-12-04,327,411.06
003765,2018-12-05,323,405.27
003765,2018-12-06,374,480.66
003765,2018-12-07,380,490.01
003765,2018-12-08,0,0
003765,2018-12-09,0,0
003765,2018-12-10,403,524.94
003765,2018-12-11,382,493.8
003765,2018-12-12,377,487.27
003765,2018-12-13,360,462.31
003765,2018-12-14,422,556.36
003765,2018-12-15,0,0
003765,2018-12-16,0,0
003765,2018-12-17,439,583.47
003765,2018-12-18,449,599.15
003765,2018-12-19,497,674.9
003765,2018-12-20,477,643.38
003765,2018-12-21,490,664.41
003765,2018-12-22,0,0
003765,2018-12-23,0,0
003765,2018-12-24,458,614.77
003765,2018-12-25,477,644.94
003765,2018-12-26,497,676.47
003765,2018-12-27,530,730.03
003765,2018-12-28,522,717.62
003765,2018-12-29,0,0
003765,2018-12-30,0,0
003765,2018-12-31,519,713.5
003765,2019-01-01,0,0
003765,2019-01-02,551,769.45
003765,2019-01-03,583,822.4
003765,2019-01-04,504,694.79
003765,2019-01-05,0,0
003765,2019-01-06,0,0
003765,2019-01-07,455,617.12
003765,2019-01-08,460,625.68
003765,2019-01-09,460,626.28
003765,2019-01-10,465,634.55
003765,2019-01-11,457,622.45
003765,2019-01-12,0,0
003765,2019-01-13,0,0
003765,2019-01-14,487,670.71
003765,2019-01-15,444,602.77
003765,2019-01-16,438,594.22
003765,2019-01-17,466,639.23
003765,2019-01-18,430,582.66
003765,2019-01-19,0,0
003765,2019-01-20,0,0
003765,2019-01-21,417,562.9
003765,2019-01-22,458,628.43
003765,2019-01-23,458,629.21
003765,2019-01-24,430,584.08
003765,2019-01-25,429,583.04
003765,2019-01-26,0,0
003765,2019-01-27,0,0
003765,2019-01-28,438,597.79
003765,2019-01-29,469,647.88
003765,2019-01-30,495,690.76
003765,2019-01-31,501,700.99
003765,2019-02-01,408,552.92
003765,2019-02-02,0,0
003765,2019-02-03,0,0
003765,2019-02-04,0,0
003765,2019-02-05,0,0
003765,2019-02-06,0,0
003765,2019-02-07,0,0
003765,2019-02-08,0,0
003765,2019-02-09,0,0
003765,2019-02-10,0,0
003765,2019-02-11,332,435.81
003765,2019-02-12,309,400.93
003765,2019-02-13,278,355.04
003765,2019-02-14,271,345.22
003765,2019-02-15,276,352.31
003765,2019-02-16,0,0
003765,2019-02-17,0,0
003765,2019-02-18,221,272.23
003765,2019-02-19,227,280.77
003765,2019-02-20,225,277.71
003765,2019-02-21,211,259.76
003765,2019-02-22,174,208.56
003765,2019-02-23,0,0
003765,2019-02-24,0,0
003765,2019-02-25,128,148.05
003765,2019-02-26,0,0.0
003765,2019-02-27,130,152.01
003765,2019-02-28,0,0.0
003765,2019-03-01,0,0.0
003765,2019-03-02,0,0
003765,2019-03-03,0,0
003765,2019-03-04,0,0.0
003765,2019-03-05,0,0.0
003765,2019-03-06,0,0.0
003765,2019-03-07,0,0.0
003765,2019-03-08,0,0.0
003765,2019-03-09,0,0
003765,2019-03-10,0,0
003765,2019-03-11,0,0.0
003765,2019-03-12,0,0.0
003765,2019-03-13,0,0.0
003765,2019-03-14,0,0.0
003765,2019-03-15,0,0.0
003765,2019-03-16,0,0
003765,2019-03-17,0,0
003765,2019-03-18,0,0.0
003765,2019-03-19,0,0.0
003765,2019-03-20,0,0.0
003765,2019-03-21,0,0.0
003765,2019-03-22,0,0.0
003765,2019-03-23,0,0
003765,2019-03-24,0,0
003765,2019-03-25,0,0.0
003765,2019-03-26,0,0.0
003765,2019-03-27,0,0.0
003765,2019-03-28,0,0.0
003765,2019-03-29,0,0.0
003765,2019-03-30,0,0
003765,2019-03-31,0,0
003765,2019-04-01,0,0.0
003765,2019-04-02,0,0.0
003765,2019-04-03,0,0.0
003765,2019-04-04,0,0.0
003765,2019-04-05,0,0
003765,2019-04-06,0,0
003765,2019-04-07,0,0
003765,2019-04-08,0,0.0
003765,2019-04-09,0,0.0
003765,2019-04-10,0,0.0
003765,2019-04-11,0,0.0
003765,2019-04-12,0,0.0
003765,2019-04-13,0,0
003765,2019-04-14,0,0
003765,2019-04-15,0,0.0
003765,2019-04-16,0,0.0
003765,2019-04-17,0,0.0
003765,2019-04-18,0,0.0
003765,2019-04-19,0,0.0
003765,2019-04-20,0,0
003765,2019-04-21,0,0
003765,2019-04-22,0,0.0
003765,2019-04-23,0,0.0
003765,2019-04-24,0,0.0
003765,2019-04-25,0,0.0
003765,2019-04-26,0,0.0
003765,2019-04-27,0,0
003765,2019-04-28,0,0
003765,2019-04-29,0,0.0
003765,2019-04-30,0,0.0
003765,2019-05-01,0,0
003765,2019-05-02,0,0
003765,2019-05-03,0,0
003765,2019-05-04,0,0
003765,2019-05-05,0,0
003765,2019-05-06,0,0.0
003765,2019-05-07,0,0.0
003765,2019-05-08,0,0.0
003765,2019-05-09,0,0.0
003765,2019-05-10,0,0.0
003765,2019-05-11,0,0
003765,2019-05-12,0,0
003765,2019-05-13,0,0.0
003765,2019-05-14,0,0.0
003765,2019-05-15,0,0.0
003765,2019-05-16,0,0.0
003765,2019-05-17,0,0.0
003765,2019-05-18,0,0
003765,2019-05-19,0,0
003765,2019-05-20,0,0.0
003765,2019-05-21,0,0.0
003765,2019-05-22,0,0.0
003765,2019-05-23,0,0.0
003765,2019-05-24,0,0.0
003765,2019-05-25,0,0
003765,2019-05-26,0,0
003765,2019-05-27,0,0.0
003765,2019-05-28,0,0.0
003765,2019-05-29,0,0.0
003765,2019-05-30,0,0.0
003765,2019-05-31,0,0.0
003765,2019-06-01,0,0
003765,2019-06-02,0,0
003765,2019-06-03,0,0.0
003765,2019-06-04,0,0.0
003765,2019-06-05,0,0.0
003765,2019-06-06,0,0.0
003765,2019-06-07,0,0
003765,2019-06-08,0,0
003765,2019-06-09,0,0
003765,2019-06-10,0,0.0
003765,2019-06-11,0,0.0
003765,2019-06-12,0,0.0
003765,2019-06-13,0,0.0
003765,2019-06-14,0,0.0
003765,2019-06-15,0,0
003765,2019-06-16,0,0
003765,2019-06-17,0,0.0
003765,2019-06-18,0,0.0
003765,2019-06-19,0,0.0
003765,2019-06-20,0,0.0
003765,2019-06-21,0,0.0
003765,2019-06-22,0,0
003765,2019-06-23,0,0
003765,2019-06-24,0,0.0
003765,2019-06-25,0,0.0
003765,2019-06-26,0,0.0
003765,2019-06-27,0,0.0
003765,2019-06-28,0,0.0
003765,2019-06-29,0,0
003765,2019-06-30,0,0.0
003765,2019-07-01,0,0.0
003765,2019-07-02,0,0.0
003765,2019-07-03,0,0.0
003765,2019-07-04,0,0.0
003765,2019-07-05,0,0.0
003765,2019-07-06,0,0
003765,2019-07-07,0,0
003765,2019-07-08,0,0.0
003765,2019-07-09,0,0.0
003765,2019-07-10,0,0.0
003765,2019-07-11,0,0.0
003765,2019-07-12,0,0.0
003765,2019-07-13,0,0
003765,2019-07-14,0,0
003765,2019-07-15,0,0.0
003765,2019-07-16,0,0.0
003765,2019-07-17,0,0.0
003765,2019-07-18,0,0.0
003765,2019-07-19,0,0.0
003765,2019-07-20,0,0
003765,2019-07-21,0,0
003765,2019-07-22,0,0.0
003765,2019-07-23,0,0.0
003765,2019-07-24,0,0.0
003765,2019-07-25,0,0.0
003765,2019-07-26,0,0.0
003765,2019-07-27,0,0
003765,2019-07-28,0,0
003765,2019-07-29,0,0.0
003765,2019-07-30,0,0.0
003765,2019-07-31,0,0.0
003765,2019-08-01,0,0.0
003765,2019-08-02,0,0.0
003765,2019-08-03,0,0
003765,2019-08-04,0,0
003765,2019-08-05,0,0.0
003765,2019-08-06,0,0.0
003765,2019-08-07,0,0.0
003765,2019-08-08,0,0.0
003765,2019-08-09,0,0.0
003765,2019-08-10,0,0
003765,2019-08-11,0,0
003765,2019-08-12,0,0.0
003765,2019-08-13,0,0.0
003765,2019-08-14,0,0.0
003765,2019-08-15,0,0.0
003765,2019-08-16,0,0.0
003765,2019-08-17,0,0
003765,2019-08-18,0,0
003765,2019-08-19,0,0.0
003765,2019-08-20,0,0.0
003765,2019-08-21,0,0.0
003765,2019-08-22,0,0.0
003765,2019-08-23,0,0.0
003765,2019-08-24,0,0
003765,2019-08-25,0,0
003765,2019-08-26,0,0.0
003765,2019-08-27,0,0.0
003765,2019-08-28,0,0.0
003765,2019-08-29,0,0.0
003765,2019-08-30,0,0.0
003765,2019-08-31,0,0
003765,2019-09-01,0,0
003765,2019-09-02,0,0.0
003765,2019-09-03,0,0.0
003765,2019-09-04,0,0.0
003765,2019-09-05,0,0.0
003765,2019-09-06,0,0.0
003765,2019-09-07,0,0
003765,2019-09-08,0,0
003765,2019-09-09,0,0.0
003765,2019-09-10,0,0.0
003765,2019-09-11,0,0.0
003765,2019-09-12,0,0.0
003765,2019-09-13,0,0
003765,2019-09-14,0,0
003765,2019-09-15,0,0
003765,2019-09-16,0,0.0
003765,2019-09-17,0,0.0
003765,2019-09-18,0,0.0
003765,2019-09-19,0,0.0
003765,2019-09-20,0,0.0
003765,2019-09-21,0,0
003765,2019-09-22,0,0
003765,2019-09-23,0,0.0
003765,2019-09-24,0,0.0
003765,2019-09-25,0,0.0
003765,2019-09-26,0,0.0
003765,2019-09-27,0,0.0
003765,2019-09-28,0,0
003765,2019-09-29,0,0
003765,2019-09-30,0,0.0
003765,2019-10-01,0,0
003765,2019-10-02,0,0
003765,2019-10-03,0,0
003765,2019-10-04,0,0
003765,2019-10-05,0,0
003765,2019-10-06,0,0
003765,2019-10-07,0,0
003765,2019-10-08,0,0.0
003765,2019-10-09,0,0.0
003765,2019-10-10,0,0.0
003765,2019-10-11,0,0.0
003765,2019-10-12,0,0
003765,2019-10-13,0,0
003765,2019-10-14,0,0.0
003765,2019-10-15,0,0.0
003765,2019-10-16,0,0.0
003765,2019-10-17,0,0.0
003765,2019-10-18,0,0.0
003765,2019-10-19,0,0
003765,2019-10-20,0,0
003765,2019-10-21,0,0.0
003765,2019-10-22,0,0.0
003765,2019-10-23,0,0.0
003765,2019-10-24,0,0.0
003765,2019-10-25,0,0.0
003765,2019-10-26,0,0
003765,2019-10-27,0,0
003765,2019-10-28,0,0.0
003765,2019-10-29,0,0.0
003765,2019-10-30,0,0.0
003765,2019-10-31,0,0.0
003765,2019-11-01,0,0.0
003765,2019-11-02,0,0
003765,2019-11-03,0,0
003765,2019-11-04,0,0.0
003765,2019-11-05,0,0.0
003765,2019-11-06,0,0.0
003765,2019-11-07,0,0.0
003765,2019-11-08,0,0.0
003765,2019-11-09,0,0
003765,2019-11-10,0,0
003765,2019-11-11,0,0.0
003765,2019-11-12,0,0.0
003765,2019-11-13,0,0.0
003765,2019-11-14,0,0.0
003765,2019-11-15,0,0.0
003765,2019-11-16,0,0
003765,2019-11-17,0,0
003765,2019-11-18,0,0.0
003765,2019-11-19,0,0.0
003765,2019-11-20,0,0.0
003765,2019-11-21,0,0.0
003765,2019-11-22,0,0.0
003765,2019-11-23,0,0
003765,2019-11-24,0,0
003765,2019-11-25,0,0.0
003765,2019-11-26,0,0.0
003765,2019-11-27,0,0.0
003765,2019-11-28,0,0.0
003765,2019-11-29,0,0.0
003765,2019-11-30,0,0
003765,2019-12-01,0,0
003765,2019-12-02,0,0.0
003765,2019-12-03,0,0.0
003765,2019-12-04,0,0.0
003765,2019-12-05,0,0.0
003765,2019-12-06,0,0.0
003765,2019-12-07,0,0
003765,2019-12-08,0,0
003765,2019-12-09,0,0.0
003765,2019-12-10,0,0.0
003765,2019-12-11,0,0.0
003765,2019-12-12,0,0.0
003765,2019-12-13,0,0.0
003765,2019-12-14,0,0
003765,2019-12-15,0,0
003765,2019-12-16,0,0.0
003765,2019-12-17,0,0.0
003765,2019-12-18,0,0.0
003765,2019-12-19,0,0.0
003765,2019-12-20,0,0.0
003765,2019-12-21,0,0
003765,2019-12-22,0,0
003765,2019-12-23,0,0.0
003765,2019-12-24,0,0.0
003765,2019-12-25,0,0.0
003765,2019-12-26,0,0.0
003765,2019-12-27,0,0.0
003765,2019-12-28,0,0
003765,2019-12-29,0,0
003765,2019-12-30,0,0.0
003765,2019-12-31,0,0.0
003765,2020-01-01,0,0
003765,2020-01-02,0,0.0
003765,2020-01-03,0,0.0
003765,2020-01-04,0,0
003765,2020-01-05,0,0
003765,2020-01-06,0,0.0
003765,2020-01-07,0,0.0
003765,2020-01-08,0,0.0
003765,2020-01-09,0,0.0
003765,2020-01-10,0,0.0
003765,2020-01-11,0,0
003765,2020-01-12,0,0
003765,2020-01-13,0,0.0
003765,2020-01-14,0,0.0
003765,2020-01-15,0,0.0
003765,2020-01-16,0,0.0
003765,2020-01-17,0,0.0
003765,2020-01-18,0,0
003765,2020-01-19,0,0
003765,2020-01-20,0,0.0
003765,2020-01-21,0,0.0
003765,2020-01-22,0,0.0
003765,2020-01-23,0,0.0
003765,2020-01-24,0,0
003765,2020-01-25,0,0
003765,2020-01-26,0,0
003765,2020-01-27,0,0
003765,2020-01-28,0,0
003765,2020-01-29,0,0
003765,2020-01-30,0,0
003765,2020-01-31,0,0
003765,2020-02-01,0,0
003765,2020-02-02,0,0
003765,2020-02-03,0,0.0
003765,2020-02-04,0,0.0
003765,2020-02-05,0,0.0
003765,2020-02-06,0,0.0
003765,2020-02-07,0,0.0
003765,2020-02-08,0,0
003765,2020-02-09,0,0
003765,2020-02-10,0,0.0
003765,2020-02-11,0,0.0
003765,2020-02-12,0,0.0
003765,2020-02-13,0,0.0
003765,2020-02-14,0,0.0
003765,2020-02-15,0,0
003765,2020-02-16,0,0
003765,2020-02-17,0,0.0
003765,2020-02-18,0,0.0
003765,2020-02-19,0,0.0
003765,2020-02-20,0,0.0
003765,2020-02-21,0,0.0
003765,2020-02-22,0,0
003765,2020-02-23,0,0
003765,2020-02-24,0,0.0
003765,2020-02-25,0,0.0
003765,2020-02-26,0,0.0
003765,2020-02-27,0,0.0
003765,2020-02-28,0,0.0
003765,2020-02-29,0,0
003765,2020-03-01,0,0
003765,2020-03-02,0,0.0
003765,2020-03-03,0,0.0
003765,2020-03-04,0,0.0
003765,2020-03-05,0,0.0
003765,2020-03-06,0,0.0
003765,2020-03-07,0,0
003765,2020-03-08,0,0
003765,2020-03-09,0,0.0
003765,2020-03-10,0,0.0
003765,2020-03-11,0,0.0
003765,2020-03-12,0,0.0
003765,2020-03-13,0,0.0
003765,2020-03-14,0,0
003765,2020-03-15,0,0
003765,2020-03-16,0,0.0
003765,2020-03-17,0,0.0
003765,2020-03-18,0,0.0
003765,2020-03-19,0,0.0
003765,2020-03-20,0,0.0
003765,2020-03-21,0,0
003765,2020-03-22,0,0
003765,2020-03-23,0,0.0
003765,2020-03-24,0,0.0
003765,2020-03-25,0,0.0
003765,2020-03-26,0,0.0
003765,2020-03-27,0,0.0
003765,2020-03-28,0,0
003765,2020-03-29,0,0
003765,2020-03-30,0,0.0
003765,2020-03-31,0,0.0
003765,2020-04-01,0,0.0
003765,2020-04-02,0,0.0
003765,2020-04-03,0,0.0
003765,2020-04-04,0,0
003765,2020-04-05,0,0
003765,2020-04-06,0,0
003765,2020-04-07,0,0.0
003765,2020-04-08,0,0.0
003765,2020-04-09,0,0.0
003765,2020-04-10,0,0.0
003765,2020-04-11,0,0
003765,2020-04-12,0,0
003765,2020-04-13,0,0.0
003765,2020-04-14,0,0.0
003765,2020-04-15,0,0.0
003765,2020-04-16,0,0.0
003765,2020-04-17,0,0.0
003765,2020-04-18,0,0
003765,2020-04-19,0,0
003765,2020-04-20,0,0.0
003765,2020-04-21,0,0.0
003765,2020-04-22,0,0.0
003765,2020-04-23,0,0.0
003765,2020-04-24,0,0.0
003765,2020-04-25,0,0
003765,2020-04-26,0,0
003765,2020-04-27,0,0.0
003765,2020-04-28,0,0.0
003765,2020-04-29,0,0.0
003765,2020-04-30,0,0.0
003765,2020-05-01,0,0
003765,2020-05-02,0,0
003765,2020-05-03,0,0
003765,2020-05-04,0,0
003765,2020-05-05,0,0
003765,2020-05-06,0,0.0
003765,2020-05-07,0,0.0
003765,2020-05-08,0,0.0
003765,2020-05-09,0,0
003765,2020-05-10,0,0
003765,2020-05-11,0,0.0
003765,2020-05-12,0,0.0
003765,2020-05-13,0,0.0
003765,2020-05-14,0,0.0
003765,2020-05-15,0,0.0
003765,2020-05-16,0,0
003765,2020-05-17,0,0
003765,2020-05-18,0,0.0
003765,2020-05-19,0,0.0
003765,2020-05-20,0,0.0
003765,2020-05-21,0,0.0
003765,2020-05-22,0,0.0
003765,2020-05-23,0,0
003765,2020-05-24,0,0
003765,2020-05-25,0,0.0
003765,2020-05-26,0,0.0
003765,2020-05-27,0,0.0
003765,2020-05-28,0,0.0
003765,2020-05-29,0,0.0
003765,2020-05-30,0,0
003765,2020-05-31,0,0
003765,2020-06-01,0,0.0
003765,2020-06-02,0,0.0
003765,2020-06-03,0,0.0
003765,2020-06-04,0,0.0
003765,2020-06-05,0,0.0
003765,2020-06-06,0,0
003765,2020-06-07,0,0
003765,2020-06-08,0,0.0
003765,2020-06-09,0,0.0
003765,2020-06-10,0,0.0
003765,2020-06-11,0,0.0
003765,2020-06-12,0,0.0
003765,2020-06-13,0,0
003765,2020-06-14,0,0
003765,2020-06-15,0,0.0
003765,2020-06-16,0,0.0
003765,2020-06-17,0,0.0
003765,2020-06-18,0,0.0
003765,2020-06-19,0,0.0
003765,2020-06-20,0,0
003765,2020-06-21,0,0
003765,2020-06-22,0,0.0
003765,2020-06-23,0,0.0
003765,2020-06-24,0,0.0
003765,2020-06-25,0,0
003765,2020-06-26,0,0
003765,2020-06-27,0,0
003765,2020-06-28,0,0
003765,2020-06-29,0,0.0
003765,2020-06-30,0,0.0
003765,2020-07-01,0,0.0
003765,2020-07-02,0,0.0
003765,2020-07-03,0,0.0
003765,2020-07-04,0,0
003765,2020-07-05,0,0
003765,2020-07-06,0,0.0
003765,2020-07-07,0,0.0
003765,2020-07-08,0,0.0
003765,2020-07-09,0,0.0
003765,2020-07-10,0,0.0
003765,2020-07-11,0,0
003765,2020-07-12,0,0
003765,2020-07-13,0,0.0
003765,2020-07-14,0,0.0
003765,2020-07-15,0,0.0
003765,2020-07-16,0,0.0
003765,2020-07-17,0,0.0
003765,2020-07-18,0,0
003765,2020-07-19,0,0
003765,2020-07-20,0,0.0
003765,2020-07-21,0,0.0
003765,2020-07-22,0,0.0
003765,2020-07-23,0,0.0
003765,2020-07-24,0,0.0
003765,2020-07-25,0,0
003765,2020-07-26,0,0
003765,2020-07-27,0,0.0
003765,2020-07-28,0,0.0
003765,2020-07-29,0,0.0
003765,2020-07-30,0,0.0
003765,2020-07-31,0,0.0
003765,2020-08-01,0,0
003765,2020-08-02,0,0
003765,2020-08-03,0,0.0
003765,2020-08-04,0,0.0
003765,2020-08-05,0,0.0
003765,2020-08-06,0,0.0
003765,2020-08-07,0,0.0
003765,2020-08-08,0,0
003765,2020-08-09,0,0
003765,2020-08-10,0,0.0
003765,2020-08-11,0,0.0
003765,2020-08-12,0,0.0
003765,2020-08-13,0,0.0
003765,2020-08-14,0,0.0
003765,2020-08-15,0,0
003765,2020-08-16,0,0
003765,2020-08-17,0,0.0
003765,2020-08-18,0,0.0
003765,2020-08-19,0,0.0
003765,2020-08-20,0,0.0
003765,2020-08-21,0,0.0
003765,2020-08-22,0,0
003765,2020-08-23,0,0
003765,2020-08-24,0,0.0
003765,2020-08-25,0,0.0
003765,2020-08-26,0,0.0
003765,2020-08-27,0,0.0
003765,2020-08-28,0,0.0
003765,2020-08-29,0,0
003765,2020-08-30,0,0
003765,2020-08-31,0,0.0
003765,2020-09-01,0,0.0
003765,2020-09-02,0,0.0
003765,2020-09-03,0,0.0
003765,2020-09-04,0,0.0
003765,2020-09-05,0,0
003765,2020-09-06,0,0
003765,2020-09-07,0,0.0
003765,2020-09-08,0,0.0
003765,2020-09-09,0,0.0
003765,2020-09-10,0,0.0
003765,2020-09-11,0,0.0
003765,2020-09-12,0,0
003765,2020-09-13,0,0
003765,2020-09-14,0,0.0
003765,2020-09-15,0,0.0
003765,2020-09-16,0,0.0
003765,2020-09-17,0,0.0
003765,2020-09-18,0,0.0
003765,2020-09-19,0,0
003765,2020-09-20,0,0
003765,2020-09-21,0,0.0
003765,2020-09-22,0,0.0
003765,2020-09-23,0,0.0
003765,2020-09-24,0,0.0
003765,2020-09-25,0,0.0
003765,2020-09-26,0,0
003765,2020-09-27,0,0
003765,2020-09-28,0,0.0
003765,2020-09-29,0,0.0
003765,2020-09-30,0,0.0
003765,2020-10-01,0,0
003765,2020-10-02,0,0
003765,2020-10-03,0,0
003765,2020-10-04,0,0
003765,2020-10-05,0,0
003765,2020-10-06,0,0
003765,2020-10-07,0,0
003765,2020-10-08,0,0
003765,2020-10-09,0,0.0
003765,2020-10-10,0,0
003765,2020-10-11,0,0
003765,2020-10-12,0,0.0
003765,2020-10-13,0,0.0
003765,2020-10-14,0,0.0
003765,2020-10-15,0,0.0
003765,2020-10-16,0,0.0
003765,2020-10-17,0,0
003765,2020-10-18,0,0
003765,2020-10-19,0,0.0
003765,2020-10-20,0,0.0
003765,2020-10-21,0,0.0
003765,2020-10-22,0,0.0
003765,2020-10-23,0,0.0
003765,2020-10-24,0,0
003765,2020-10-25,0,0
003765,2020-10-26,0,0.0
003765,2020-10-27,0,0.0
003765,2020-10-28,0,0.0
003765,2020-10-29,0,0.0
003765,2020-10-30,0,0.0
003765,2020-10-31,0,0
003765,2020-11-01,0,0
003765,2020-11-02,0,0.0
003765,2020-11-03,0,0.0
003765,2020-11-04,0,0.0
003765,2020-11-05,0,0.0
003765,2020-11-06,0,0.0
003765,2020-11-07,0,0
003765,2020-11-08,0,0
003765,2020-11-09,0,0.0
003765,2020-11-10,0,0.0
003765,2020-11-11,0,0.0
003765,2020-11-12,0,0.0
003765,2020-11-13,0,0.0
003765,2020-11-14,0,0
003765,2020-11-15,0,0
003765,2020-11-16,0,0.0
003765,2020-11-17,0,0.0
003765,2020-11-18,0,0.0
003765,2020-11-19,0,0.0
003765,2020-11-20,0,0.0
003765,2020-11-21,0,0
003765,2020-11-22,0,0
003765,2020-11-23,0,0.0
003765,2020-11-24,0,0.0
003765,2020-11-25,0,0.0
003765,2020-11-26,0,0.0
003765,2020-11-27,0,0.0
003765,2020-11-28,0,0
003765,2020-11-29,0,0
003765,2020-11-30,0,0.0
003765,2020-12-01,0,0.0
003765,2020-12-02,0,0.0
003765,2020-12-03,0,0.0
003765,2020-12-04,0,0.0
003765,2020-12-05,0,0
003765,2020-12-06,0,0
003765,2020-12-07,0,0.0
003765,2020-12-08,0,0.0
003765,2020-12-09,0,0.0
003765,2020-12-10,0,0.0
003765,2020-12-11,0,0.0
003765,2020-12-12,0,0
003765,2020-12-13,0,0
003765,2020-12-14,0,0.0
003765,2020-12-15,0,0.0
003765,2020-12-16,0,0.0
003765,2020-12-17,0,0.0
003765,2020-12-18,0,0.0
003765,2020-12-19,0,0
003765,2020-12-20,0,0
003765,2020-12-21,0,0.0
