160716,2015-12-23,0,0.0
160716,2015-12-24,0,0.0
160716,2015-12-25,0,0.0
160716,2015-12-26,0,0
160716,2015-12-27,0,0
160716,2015-12-28,0,0.0
160716,2015-12-29,0,0.0
160716,2015-12-30,0,0.0
160716,2015-12-31,0,0.0
160716,2016-01-01,0,0
160716,2016-01-02,0,0
160716,2016-01-03,0,0
160716,2016-01-04,0,0.0
160716,2016-01-05,0,0.0
160716,2016-01-06,0,0.0
160716,2016-01-07,0,0.0
160716,2016-01-08,0,0.0
160716,2016-01-09,0,0
160716,2016-01-10,0,0
160716,2016-01-11,0,0.0
160716,2016-01-12,0,0.0
160716,2016-01-13,0,0.0
160716,2016-01-14,0,0.0
160716,2016-01-15,0,0.0
160716,2016-01-16,0,0
160716,2016-01-17,0,0
160716,2016-01-18,0,0.0
160716,2016-01-19,0,0.0
160716,2016-01-20,0,0.0
160716,2016-01-21,0,0.0
160716,2016-01-22,0,0.0
160716,2016-01-23,0,0
160716,2016-01-24,0,0
160716,2016-01-25,0,0.0
160716,2016-01-26,0,0.0
160716,2016-01-27,0,0.0
160716,2016-01-28,0,0.0
160716,2016-01-29,0,0.0
160716,2016-01-30,0,0
160716,2016-01-31,0,0
160716,2016-02-01,0,0.0
160716,2016-02-02,0,0.0
160716,2016-02-03,0,0.0
160716,2016-02-04,0,0.0
160716,2016-02-05,0,0.0
160716,2016-02-06,0,0
160716,2016-02-07,0,0
160716,2016-02-08,0,0
160716,2016-02-09,0,0
160716,2016-02-10,0,0
160716,2016-02-11,0,0
160716,2016-02-12,0,0
160716,2016-02-13,0,0
160716,2016-02-14,0,0
160716,2016-02-15,0,0.0
160716,2016-02-16,0,0.0
160716,2016-02-17,0,0.0
160716,2016-02-18,0,0.0
160716,2016-02-19,0,0.0
160716,2016-02-20,0,0
160716,2016-02-21,0,0
160716,2016-02-22,0,0.0
160716,2016-02-23,0,0.0
160716,2016-02-24,0,0.0
160716,2016-02-25,0,0.0
160716,2016-02-26,0,0.0
160716,2016-02-27,0,0
160716,2016-02-28,0,0
160716,2016-02-29,0,0.0
160716,2016-03-01,0,0.0
160716,2016-03-02,0,0.0
160716,2016-03-03,0,0.0
160716,2016-03-04,0,0.0
160716,2016-03-05,0,0
160716,2016-03-06,0,0
160716,2016-03-07,0,0.0
160716,2016-03-08,0,0.0
160716,2016-03-09,0,0.0
160716,2016-03-10,0,0.0
160716,2016-03-11,0,0.0
160716,2016-03-12,0,0
160716,2016-03-13,0,0
160716,2016-03-14,0,0.0
160716,2016-03-15,0,0.0
160716,2016-03-16,0,0.0
160716,2016-03-17,0,0.0
160716,2016-03-18,0,0.0
160716,2016-03-19,0,0
160716,2016-03-20,0,0
160716,2016-03-21,0,0.0
160716,2016-03-22,0,0.0
160716,2016-03-23,0,0.0
160716,2016-03-24,0,0.0
160716,2016-03-25,0,0.0
160716,2016-03-26,0,0
160716,2016-03-27,0,0
160716,2016-03-28,0,0.0
160716,2016-03-29,0,0.0
160716,2016-03-30,0,0.0
160716,2016-03-31,0,0.0
160716,2016-04-01,0,0.0
160716,2016-04-02,0,0
160716,2016-04-03,0,0
160716,2016-04-04,0,0
160716,2016-04-05,0,0.0
160716,2016-04-06,0,0.0
160716,2016-04-07,0,0.0
160716,2016-04-08,0,0.0
160716,2016-04-09,0,0
160716,2016-04-10,0,0
160716,2016-04-11,0,0.0
160716,2016-04-12,0,0.0
160716,2016-04-13,0,0.0
160716,2016-04-14,0,0.0
160716,2016-04-15,0,0.0
160716,2016-04-16,0,0
160716,2016-04-17,0,0
160716,2016-04-18,0,0.0
160716,2016-04-19,0,0.0
160716,2016-04-20,0,0.0
160716,2016-04-21,0,0.0
160716,2016-04-22,0,0.0
160716,2016-04-23,0,0
160716,2016-04-24,0,0
160716,2016-04-25,0,0.0
160716,2016-04-26,0,0.0
160716,2016-04-27,0,0.0
160716,2016-04-28,0,0.0
160716,2016-04-29,0,0.0
160716,2016-04-30,0,0
160716,2016-05-01,0,0
160716,2016-05-02,0,0
160716,2016-05-03,0,0.0
160716,2016-05-04,0,0.0
160716,2016-05-05,0,0.0
160716,2016-05-06,0,0.0
160716,2016-05-07,0,0
160716,2016-05-08,0,0
160716,2016-05-09,0,0.0
160716,2016-05-10,0,0.0
160716,2016-05-11,0,0.0
160716,2016-05-12,0,0.0
160716,2016-05-13,0,0.0
160716,2016-05-14,0,0
160716,2016-05-15,0,0
160716,2016-05-16,0,0.0
160716,2016-05-17,0,0.0
160716,2016-05-18,0,0.0
160716,2016-05-19,0,0.0
160716,2016-05-20,0,0.0
160716,2016-05-21,0,0
160716,2016-05-22,0,0
160716,2016-05-23,0,0.0
160716,2016-05-24,0,0.0
160716,2016-05-25,0,0.0
160716,2016-05-26,0,0.0
160716,2016-05-27,0,0.0
160716,2016-05-28,0,0
160716,2016-05-29,0,0
160716,2016-05-30,0,0.0
160716,2016-05-31,0,0.0
160716,2016-06-01,0,0.0
160716,2016-06-02,0,0.0
160716,2016-06-03,0,0.0
160716,2016-06-04,0,0
160716,2016-06-05,0,0
160716,2016-06-06,0,0.0
160716,2016-06-07,0,0.0
160716,2016-06-08,0,0.0
160716,2016-06-09,0,0
160716,2016-06-10,0,0
160716,2016-06-11,0,0
160716,2016-06-12,0,0
160716,2016-06-13,0,0.0
160716,2016-06-14,0,0.0
160716,2016-06-15,0,0.0
160716,2016-06-16,0,0.0
160716,2016-06-17,0,0.0
160716,2016-06-18,0,0
160716,2016-06-19,0,0
160716,2016-06-20,0,0.0
160716,2016-06-21,0,0.0
160716,2016-06-22,0,0.0
160716,2016-06-23,0,0.0
160716,2016-06-24,0,0.0
160716,2016-06-25,0,0
160716,2016-06-26,0,0
160716,2016-06-27,0,0.0
160716,2016-06-28,0,0.0
160716,2016-06-29,0,0.0
160716,2016-06-30,0,0.0
160716,2016-07-01,0,0.0
160716,2016-07-02,0,0
160716,2016-07-03,0,0
160716,2016-07-04,0,0.0
160716,2016-07-05,0,0.0
160716,2016-07-06,0,0.0
160716,2016-07-07,0,0.0
160716,2016-07-08,0,0.0
160716,2016-07-09,0,0
160716,2016-07-10,0,0
160716,2016-07-11,0,0.0
160716,2016-07-12,0,0.0
160716,2016-07-13,0,0.0
160716,2016-07-14,0,0.0
160716,2016-07-15,0,0.0
160716,2016-07-16,0,0
160716,2016-07-17,0,0
160716,2016-07-18,0,0.0
160716,2016-07-19,0,0.0
160716,2016-07-20,0,0.0
160716,2016-07-21,0,0.0
160716,2016-07-22,0,0.0
160716,2016-07-23,0,0
160716,2016-07-24,0,0
160716,2016-07-25,0,0.0
160716,2016-07-26,0,0.0
160716,2016-07-27,0,0.0
160716,2016-07-28,0,0.0
160716,2016-07-29,0,0.0
160716,2016-07-30,0,0
160716,2016-07-31,0,0
160716,2016-08-01,0,0.0
160716,2016-08-02,0,0.0
160716,2016-08-03,0,0.0
160716,2016-08-04,0,0.0
160716,2016-08-05,0,0.0
160716,2016-08-06,0,0
160716,2016-08-07,0,0
160716,2016-08-08,0,0.0
160716,2016-08-09,0,0.0
160716,2016-08-10,0,0.0
160716,2016-08-11,0,0.0
160716,2016-08-12,0,0.0
160716,2016-08-13,0,0
160716,2016-08-14,0,0
160716,2016-08-15,0,0.0
160716,2016-08-16,0,0.0
160716,2016-08-17,0,0.0
160716,2016-08-18,0,0.0
160716,2016-08-19,0,0.0
160716,2016-08-20,0,0
160716,2016-08-21,0,0
160716,2016-08-22,0,0.0
160716,2016-08-23,0,0.0
160716,2016-08-24,0,0.0
160716,2016-08-25,0,0.0
160716,2016-08-26,0,0.0
160716,2016-08-27,0,0
160716,2016-08-28,0,0
160716,2016-08-29,0,0.0
160716,2016-08-30,0,0.0
160716,2016-08-31,0,0.0
160716,2016-09-01,0,0.0
160716,2016-09-02,0,0.0
160716,2016-09-03,0,0
160716,2016-09-04,0,0
160716,2016-09-05,0,0.0
160716,2016-09-06,0,0.0
160716,2016-09-07,0,0.0
160716,2016-09-08,0,0.0
160716,2016-09-09,0,0.0
160716,2016-09-10,0,0
160716,2016-09-11,0,0
160716,2016-09-12,0,0.0
160716,2016-09-13,0,0.0
160716,2016-09-14,0,0.0
160716,2016-09-15,0,0
160716,2016-09-16,0,0
160716,2016-09-17,0,0
160716,2016-09-18,0,0
160716,2016-09-19,0,0.0
160716,2016-09-20,0,0.0
160716,2016-09-21,0,0.0
160716,2016-09-22,0,0.0
160716,2016-09-23,0,0.0
160716,2016-09-24,0,0
160716,2016-09-25,0,0
160716,2016-09-26,0,0.0
160716,2016-09-27,0,0.0
160716,2016-09-28,0,0.0
160716,2016-09-29,0,0.0
160716,2016-09-30,0,0.0
160716,2016-10-01,0,0
160716,2016-10-02,0,0
160716,2016-10-03,0,0
160716,2016-10-04,0,0
160716,2016-10-05,0,0
160716,2016-10-06,0,0
160716,2016-10-07,0,0
160716,2016-10-08,0,0
160716,2016-10-09,0,0
160716,2016-10-10,0,0.0
160716,2016-10-11,0,0.0
160716,2016-10-12,0,0.0
160716,2016-10-13,0,0.0
160716,2016-10-14,0,0.0
160716,2016-10-15,0,0
160716,2016-10-16,0,0
160716,2016-10-17,0,0.0
160716,2016-10-18,0,0.0
160716,2016-10-19,0,0.0
160716,2016-10-20,0,0.0
160716,2016-10-21,0,0.0
160716,2016-10-22,0,0
160716,2016-10-23,0,0
160716,2016-10-24,0,0.0
160716,2016-10-25,0,0.0
160716,2016-10-26,0,0.0
160716,2016-10-27,0,0.0
160716,2016-10-28,0,0.0
160716,2016-10-29,0,0
160716,2016-10-30,0,0
160716,2016-10-31,0,0.0
160716,2016-11-01,0,0.0
160716,2016-11-02,0,0.0
160716,2016-11-03,0,0.0
160716,2016-11-04,0,0.0
160716,2016-11-05,0,0
160716,2016-11-06,0,0
160716,2016-11-07,0,0.0
160716,2016-11-08,0,0.0
160716,2016-11-09,0,0.0
160716,2016-11-10,0,0.0
160716,2016-11-11,0,0.0
160716,2016-11-12,0,0
160716,2016-11-13,0,0
160716,2016-11-14,0,0.0
160716,2016-11-15,0,0.0
160716,2016-11-16,0,0.0
160716,2016-11-17,0,0.0
160716,2016-11-18,0,0.0
160716,2016-11-19,0,0
160716,2016-11-20,0,0
160716,2016-11-21,0,0.0
160716,2016-11-22,0,0.0
160716,2016-11-23,0,0.0
160716,2016-11-24,0,0.0
160716,2016-11-25,0,0.0
160716,2016-11-26,0,0
160716,2016-11-27,0,0
160716,2016-11-28,0,0.0
160716,2016-11-29,0,0.0
160716,2016-11-30,0,0.0
160716,2016-12-01,0,0.0
160716,2016-12-02,0,0.0
160716,2016-12-03,0,0
160716,2016-12-04,0,0
160716,2016-12-05,0,0.0
160716,2016-12-06,0,0.0
160716,2016-12-07,0,0.0
160716,2016-12-08,0,0.0
160716,2016-12-09,0,0.0
160716,2016-12-10,0,0
160716,2016-12-11,0,0
160716,2016-12-12,0,0.0
160716,2016-12-13,0,0.0
160716,2016-12-14,0,0.0
160716,2016-12-15,0,0.0
160716,2016-12-16,0,0.0
160716,2016-12-17,0,0
160716,2016-12-18,0,0
160716,2016-12-19,0,0.0
160716,2016-12-20,0,0.0
160716,2016-12-21,0,0.0
160716,2016-12-22,0,0.0
160716,2016-12-23,0,0.0
160716,2016-12-24,0,0
160716,2016-12-25,0,0
160716,2016-12-26,0,0.0
160716,2016-12-27,0,0.0
160716,2016-12-28,0,0.0
160716,2016-12-29,0,0.0
160716,2016-12-30,0,0.0
160716,2016-12-31,0,0.0
160716,2017-01-01,0,0
160716,2017-01-02,0,0
160716,2017-01-03,0,0.0
160716,2017-01-04,0,0.0
160716,2017-01-05,0,0.0
160716,2017-01-06,0,0.0
160716,2017-01-07,0,0
160716,2017-01-08,0,0
160716,2017-01-09,0,0.0
160716,2017-01-10,0,0.0
160716,2017-01-11,0,0.0
160716,2017-01-12,0,0.0
160716,2017-01-13,0,0.0
160716,2017-01-14,0,0
160716,2017-01-15,0,0
160716,2017-01-16,0,0.0
160716,2017-01-17,0,0.0
160716,2017-01-18,0,0.0
160716,2017-01-19,0,0.0
160716,2017-01-20,0,0.0
160716,2017-01-21,0,0
160716,2017-01-22,0,0
160716,2017-01-23,0,0.0
160716,2017-01-24,0,0.0
160716,2017-01-25,0,0.0
160716,2017-01-26,0,0.0
160716,2017-01-27,0,0
160716,2017-01-28,0,0
160716,2017-01-29,0,0
160716,2017-01-30,0,0
160716,2017-01-31,0,0
160716,2017-02-01,0,0
160716,2017-02-02,0,0
160716,2017-02-03,0,0.0
160716,2017-02-04,0,0
160716,2017-02-05,0,0
160716,2017-02-06,0,0.0
160716,2017-02-07,0,0.0
160716,2017-02-08,0,0.0
160716,2017-02-09,0,0.0
160716,2017-02-10,0,0.0
160716,2017-02-11,0,0
160716,2017-02-12,0,0
160716,2017-02-13,0,0.0
160716,2017-02-14,0,0.0
160716,2017-02-15,0,0.0
160716,2017-02-16,0,0.0
160716,2017-02-17,0,0.0
160716,2017-02-18,0,0
160716,2017-02-19,0,0
160716,2017-02-20,0,0.0
160716,2017-02-21,0,0.0
160716,2017-02-22,0,0.0
160716,2017-02-23,0,0.0
160716,2017-02-24,0,0.0
160716,2017-02-25,0,0
160716,2017-02-26,0,0
160716,2017-02-27,0,0.0
160716,2017-02-28,0,0.0
160716,2017-03-01,0,0.0
160716,2017-03-02,0,0.0
160716,2017-03-03,0,0.0
160716,2017-03-04,0,0
160716,2017-03-05,0,0
160716,2017-03-06,0,0.0
160716,2017-03-07,0,0.0
160716,2017-03-08,0,0.0
160716,2017-03-09,0,0.0
160716,2017-03-10,0,0.0
160716,2017-03-11,0,0
160716,2017-03-12,0,0
160716,2017-03-13,0,0.0
160716,2017-03-14,0,0.0
160716,2017-03-15,0,0.0
160716,2017-03-16,0,0.0
160716,2017-03-17,0,0.0
160716,2017-03-18,0,0
160716,2017-03-19,0,0
160716,2017-03-20,0,0.0
160716,2017-03-21,0,0.0
160716,2017-03-22,0,0.0
160716,2017-03-23,0,0.0
160716,2017-03-24,0,0.0
160716,2017-03-25,0,0
160716,2017-03-26,0,0
160716,2017-03-27,0,0.0
160716,2017-03-28,0,0.0
160716,2017-03-29,0,0.0
160716,2017-03-30,0,0.0
160716,2017-03-31,0,0.0
160716,2017-04-01,0,0
160716,2017-04-02,0,0
160716,2017-04-03,0,0
160716,2017-04-04,0,0
160716,2017-04-05,0,0.0
160716,2017-04-06,0,0.0
160716,2017-04-07,0,0.0
160716,2017-04-08,0,0
160716,2017-04-09,0,0
160716,2017-04-10,0,0.0
160716,2017-04-11,0,0.0
160716,2017-04-12,0,0.0
160716,2017-04-13,0,0.0
160716,2017-04-14,0,0.0
160716,2017-04-15,0,0
160716,2017-04-16,0,0
160716,2017-04-17,0,0.0
160716,2017-04-18,0,0.0
160716,2017-04-19,0,0.0
160716,2017-04-20,0,0.0
160716,2017-04-21,0,0.0
160716,2017-04-22,0,0
160716,2017-04-23,0,0
160716,2017-04-24,0,0.0
160716,2017-04-25,0,0.0
160716,2017-04-26,0,0.0
160716,2017-04-27,0,0.0
160716,2017-04-28,0,0.0
160716,2017-04-29,0,0
160716,2017-04-30,0,0
160716,2017-05-01,0,0
160716,2017-05-02,0,0.0
160716,2017-05-03,0,0.0
160716,2017-05-04,0,0.0
160716,2017-05-05,0,0.0
160716,2017-05-06,0,0
160716,2017-05-07,0,0
160716,2017-05-08,0,0.0
160716,2017-05-09,0,0.0
160716,2017-05-10,0,0.0
160716,2017-05-11,0,0.0
160716,2017-05-12,0,0.0
160716,2017-05-13,0,0
160716,2017-05-14,0,0
160716,2017-05-15,0,0.0
160716,2017-05-16,0,0.0
160716,2017-05-17,0,0.0
160716,2017-05-18,0,0.0
160716,2017-05-19,0,0.0
160716,2017-05-20,0,0
160716,2017-05-21,0,0
160716,2017-05-22,0,0.0
160716,2017-05-23,0,0.0
160716,2017-05-24,0,0.0
160716,2017-05-25,0,0.0
160716,2017-05-26,0,0.0
160716,2017-05-27,0,0
160716,2017-05-28,0,0
160716,2017-05-29,0,0
160716,2017-05-30,0,0
160716,2017-05-31,0,0.0
160716,2017-06-01,0,0.0
160716,2017-06-02,0,0.0
160716,2017-06-03,0,0
160716,2017-06-04,0,0
160716,2017-06-05,0,0.0
160716,2017-06-06,0,0.0
160716,2017-06-07,0,0.0
160716,2017-06-08,0,0.0
160716,2017-06-09,0,0.0
160716,2017-06-10,0,0
160716,2017-06-11,0,0
160716,2017-06-12,0,0.0
160716,2017-06-13,0,0.0
160716,2017-06-14,0,0.0
160716,2017-06-15,0,0.0
160716,2017-06-16,0,0.0
160716,2017-06-17,0,0
160716,2017-06-18,0,0
160716,2017-06-19,0,0.0
160716,2017-06-20,0,0.0
160716,2017-06-21,0,0.0
160716,2017-06-22,0,0.0
160716,2017-06-23,0,0.0
160716,2017-06-24,0,0
160716,2017-06-25,0,0
160716,2017-06-26,0,0.0
160716,2017-06-27,0,0.0
160716,2017-06-28,0,0.0
160716,2017-06-29,0,0.0
160716,2017-06-30,0,0.0
160716,2017-07-01,0,0
160716,2017-07-02,0,0
160716,2017-07-03,0,0.0
160716,2017-07-04,0,0.0
160716,2017-07-05,0,0.0
160716,2017-07-06,0,0.0
160716,2017-07-07,0,0.0
160716,2017-07-08,0,0
160716,2017-07-09,0,0
160716,2017-07-10,0,0.0
160716,2017-07-11,0,0.0
160716,2017-07-12,0,0.0
160716,2017-07-13,0,0.0
160716,2017-07-14,0,0.0
160716,2017-07-15,0,0
160716,2017-07-16,0,0
160716,2017-07-17,0,0.0
160716,2017-07-18,0,0.0
160716,2017-07-19,0,0.0
160716,2017-07-20,0,0.0
160716,2017-07-21,0,0.0
160716,2017-07-22,0,0
160716,2017-07-23,0,0
160716,2017-07-24,0,0.0
160716,2017-07-25,0,0.0
160716,2017-07-26,0,0.0
160716,2017-07-27,0,0.0
160716,2017-07-28,0,0.0
160716,2017-07-29,0,0
160716,2017-07-30,0,0
160716,2017-07-31,0,0.0
160716,2017-08-01,0,0.0
160716,2017-08-02,0,0.0
160716,2017-08-03,0,0.0
160716,2017-08-04,0,0.0
160716,2017-08-05,0,0
160716,2017-08-06,0,0
160716,2017-08-07,0,0.0
160716,2017-08-08,0,0.0
160716,2017-08-09,0,0.0
160716,2017-08-10,0,0.0
160716,2017-08-11,0,0.0
160716,2017-08-12,0,0
160716,2017-08-13,0,0
160716,2017-08-14,0,0.0
160716,2017-08-15,0,0.0
160716,2017-08-16,0,0.0
160716,2017-08-17,0,0.0
160716,2017-08-18,0,0.0
160716,2017-08-19,0,0
160716,2017-08-20,0,0
160716,2017-08-21,0,0.0
160716,2017-08-22,0,0.0
160716,2017-08-23,0,0.0
160716,2017-08-24,0,0.0
160716,2017-08-25,0,0.0
160716,2017-08-26,0,0
160716,2017-08-27,0,0
160716,2017-08-28,0,0.0
160716,2017-08-29,0,0.0
160716,2017-08-30,0,0.0
160716,2017-08-31,0,0.0
160716,2017-09-01,0,0.0
160716,2017-09-02,0,0
160716,2017-09-03,0,0
160716,2017-09-04,0,0.0
160716,2017-09-05,0,0.0
160716,2017-09-06,0,0.0
160716,2017-09-07,0,0.0
160716,2017-09-08,0,0.0
160716,2017-09-09,0,0
160716,2017-09-10,0,0
160716,2017-09-11,0,0.0
160716,2017-09-12,0,0.0
160716,2017-09-13,0,0.0
160716,2017-09-14,0,0.0
160716,2017-09-15,0,0.0
160716,2017-09-16,0,0
160716,2017-09-17,0,0
160716,2017-09-18,0,0.0
160716,2017-09-19,0,0.0
160716,2017-09-20,0,0.0
160716,2017-09-21,0,0.0
160716,2017-09-22,0,0.0
160716,2017-09-23,0,0
160716,2017-09-24,0,0
160716,2017-09-25,0,0.0
160716,2017-09-26,0,0.0
160716,2017-09-27,0,0.0
160716,2017-09-28,0,0.0
160716,2017-09-29,0,0.0
160716,2017-09-30,0,0
160716,2017-10-01,0,0
160716,2017-10-02,0,0
160716,2017-10-03,0,0
160716,2017-10-04,0,0
160716,2017-10-05,0,0
160716,2017-10-06,0,0
160716,2017-10-07,0,0
160716,2017-10-08,0,0
160716,2017-10-09,0,0.0
160716,2017-10-10,0,0.0
160716,2017-10-11,0,0.0
160716,2017-10-12,0,0.0
160716,2017-10-13,0,0.0
160716,2017-10-14,0,0
160716,2017-10-15,0,0
160716,2017-10-16,0,0.0
160716,2017-10-17,0,0.0
160716,2017-10-18,0,0.0
160716,2017-10-19,0,0.0
160716,2017-10-20,0,0.0
160716,2017-10-21,0,0
160716,2017-10-22,0,0
160716,2017-10-23,0,0.0
160716,2017-10-24,0,0.0
160716,2017-10-25,0,0.0
160716,2017-10-26,0,0.0
160716,2017-10-27,0,0.0
160716,2017-10-28,0,0
160716,2017-10-29,0,0
160716,2017-10-30,0,0.0
160716,2017-10-31,0,0.0
160716,2017-11-01,0,0.0
160716,2017-11-02,0,0.0
160716,2017-11-03,0,0.0
160716,2017-11-04,0,0
160716,2017-11-05,0,0
160716,2017-11-06,0,0.0
160716,2017-11-07,0,0.0
160716,2017-11-08,0,0.0
160716,2017-11-09,0,0.0
160716,2017-11-10,0,0.0
160716,2017-11-11,0,0
160716,2017-11-12,0,0
160716,2017-11-13,0,0.0
160716,2017-11-14,0,0.0
160716,2017-11-15,0,0.0
160716,2017-11-16,0,0.0
160716,2017-11-17,0,0.0
160716,2017-11-18,0,0
160716,2017-11-19,0,0
160716,2017-11-20,0,0.0
160716,2017-11-21,0,0.0
160716,2017-11-22,0,0.0
160716,2017-11-23,0,0.0
160716,2017-11-24,0,0.0
160716,2017-11-25,0,0
160716,2017-11-26,0,0
160716,2017-11-27,0,0.0
160716,2017-11-28,0,0.0
160716,2017-11-29,0,0.0
160716,2017-11-30,0,0.0
160716,2017-12-01,0,0.0
160716,2017-12-02,0,0
160716,2017-12-03,0,0
160716,2017-12-04,0,0.0
160716,2017-12-05,0,0.0
160716,2017-12-06,0,0.0
160716,2017-12-07,0,0.0
160716,2017-12-08,0,0.0
160716,2017-12-09,0,0
160716,2017-12-10,0,0
160716,2017-12-11,0,0.0
160716,2017-12-12,0,0.0
160716,2017-12-13,0,0.0
160716,2017-12-14,0,0.0
160716,2017-12-15,0,0.0
160716,2017-12-16,0,0
160716,2017-12-17,0,0
160716,2017-12-18,0,0.0
160716,2017-12-19,0,0.0
160716,2017-12-20,0,0.0
160716,2017-12-21,0,0.0
160716,2017-12-22,0,0.0
160716,2017-12-23,0,0
160716,2017-12-24,0,0
160716,2017-12-25,0,0.0
160716,2017-12-26,0,0.0
160716,2017-12-27,0,0.0
160716,2017-12-28,0,0.0
160716,2017-12-29,0,0.0
160716,2017-12-30,0,0
160716,2017-12-31,0,0.0
160716,2018-01-01,0,0
160716,2018-01-02,0,0.0
160716,2018-01-03,0,0.0
160716,2018-01-04,0,0.0
160716,2018-01-05,0,0.0
160716,2018-01-06,0,0
160716,2018-01-07,0,0
160716,2018-01-08,0,0.0
160716,2018-01-09,0,0.0
160716,2018-01-10,0,0.0
160716,2018-01-11,0,0.0
160716,2018-01-12,0,0.0
160716,2018-01-13,0,0
160716,2018-01-14,0,0
160716,2018-01-15,0,0.0
160716,2018-01-16,0,0.0
160716,2018-01-17,0,0.0
160716,2018-01-18,0,0.0
160716,2018-01-19,0,0.0
160716,2018-01-20,0,0
160716,2018-01-21,0,0
160716,2018-01-22,0,0.0
160716,2018-01-23,0,0.0
160716,2018-01-24,0,0.0
160716,2018-01-25,0,0.0
160716,2018-01-26,0,0.0
160716,2018-01-27,0,0
160716,2018-01-28,0,0
160716,2018-01-29,0,0.0
160716,2018-01-30,0,0.0
160716,2018-01-31,0,0.0
160716,2018-02-01,0,0.0
160716,2018-02-02,0,0.0
160716,2018-02-03,0,0
160716,2018-02-04,0,0
160716,2018-02-05,0,0.0
160716,2018-02-06,0,0.0
160716,2018-02-07,0,0.0
160716,2018-02-08,0,0.0
160716,2018-02-09,0,0.0
160716,2018-02-10,0,0
160716,2018-02-11,0,0
160716,2018-02-12,0,0.0
160716,2018-02-13,0,0.0
160716,2018-02-14,0,0.0
160716,2018-02-15,0,0
160716,2018-02-16,0,0
160716,2018-02-17,0,0
160716,2018-02-18,0,0
160716,2018-02-19,0,0
160716,2018-02-20,0,0
160716,2018-02-21,0,0
160716,2018-02-22,0,0.0
160716,2018-02-23,0,0.0
160716,2018-02-24,0,0
160716,2018-02-25,0,0
160716,2018-02-26,0,0.0
160716,2018-02-27,0,0.0
160716,2018-02-28,0,0.0
160716,2018-03-01,0,0.0
160716,2018-03-02,0,0.0
160716,2018-03-03,0,0
160716,2018-03-04,0,0
160716,2018-03-05,0,0.0
160716,2018-03-06,0,0.0
160716,2018-03-07,0,0.0
160716,2018-03-08,0,0.0
160716,2018-03-09,0,0.0
160716,2018-03-10,0,0
160716,2018-03-11,0,0
160716,2018-03-12,0,0.0
160716,2018-03-13,0,0.0
160716,2018-03-14,0,0.0
160716,2018-03-15,0,0.0
160716,2018-03-16,0,0.0
160716,2018-03-17,0,0
160716,2018-03-18,0,0
160716,2018-03-19,0,0.0
160716,2018-03-20,0,0.0
160716,2018-03-21,0,0.0
160716,2018-03-22,0,0.0
160716,2018-03-23,0,0.0
160716,2018-03-24,0,0
160716,2018-03-25,0,0
160716,2018-03-26,0,0.0
160716,2018-03-27,0,0.0
160716,2018-03-28,0,0.0
160716,2018-03-29,0,0.0
160716,2018-03-30,0,0.0
160716,2018-03-31,0,0
160716,2018-04-01,0,0
160716,2018-04-02,0,0.0
160716,2018-04-03,0,0.0
160716,2018-04-04,0,0.0
160716,2018-04-05,0,0
160716,2018-04-06,0,0
160716,2018-04-07,0,0
160716,2018-04-08,0,0
160716,2018-04-09,0,0.0
160716,2018-04-10,0,0.0
160716,2018-04-11,0,0.0
160716,2018-04-12,0,0.0
160716,2018-04-13,0,0.0
160716,2018-04-14,0,0
160716,2018-04-15,0,0
160716,2018-04-16,0,0.0
160716,2018-04-17,0,0.0
160716,2018-04-18,0,0.0
160716,2018-04-19,0,0.0
160716,2018-04-20,0,0.0
160716,2018-04-21,0,0
160716,2018-04-22,0,0
160716,2018-04-23,0,0.0
160716,2018-04-24,0,0.0
160716,2018-04-25,0,0.0
160716,2018-04-26,0,0.0
160716,2018-04-27,0,0.0
160716,2018-04-28,0,0
160716,2018-04-29,0,0
160716,2018-04-30,0,0
160716,2018-05-01,0,0
160716,2018-05-02,0,0.0
160716,2018-05-03,0,0.0
160716,2018-05-04,0,0.0
160716,2018-05-05,0,0
160716,2018-05-06,0,0
160716,2018-05-07,0,0.0
160716,2018-05-08,0,0.0
160716,2018-05-09,0,0.0
160716,2018-05-10,0,0.0
160716,2018-05-11,0,0.0
160716,2018-05-12,0,0
160716,2018-05-13,0,0
160716,2018-05-14,0,0.0
160716,2018-05-15,0,0.0
160716,2018-05-16,0,0.0
160716,2018-05-17,0,0.0
160716,2018-05-18,0,0.0
160716,2018-05-19,0,0
160716,2018-05-20,0,0
160716,2018-05-21,0,0.0
160716,2018-05-22,0,0.0
160716,2018-05-23,0,0.0
160716,2018-05-24,0,0.0
160716,2018-05-25,0,0.0
160716,2018-05-26,0,0
160716,2018-05-27,0,0
160716,2018-05-28,0,0.0
160716,2018-05-29,0,0.0
160716,2018-05-30,0,0.0
160716,2018-05-31,0,0.0
160716,2018-06-01,0,0.0
160716,2018-06-02,0,0
160716,2018-06-03,0,0
160716,2018-06-04,0,0.0
160716,2018-06-05,0,0.0
160716,2018-06-06,0,0.0
160716,2018-06-07,0,0.0
160716,2018-06-08,0,0.0
160716,2018-06-09,0,0
160716,2018-06-10,0,0
160716,2018-06-11,0,0.0
160716,2018-06-12,0,0.0
160716,2018-06-13,0,0.0
160716,2018-06-14,0,0.0
160716,2018-06-15,0,0.0
160716,2018-06-16,0,0
160716,2018-06-17,0,0
160716,2018-06-18,0,0
160716,2018-06-19,0,0.0
160716,2018-06-20,0,0.0
160716,2018-06-21,0,0.0
160716,2018-06-22,0,0.0
160716,2018-06-23,0,0
160716,2018-06-24,0,0
160716,2018-06-25,0,0.0
160716,2018-06-26,0,0.0
160716,2018-06-27,0,0.0
160716,2018-06-28,0,0.0
160716,2018-06-29,0,0.0
160716,2018-06-30,0,0.0
160716,2018-07-01,0,0
160716,2018-07-02,0,0.0
160716,2018-07-03,0,0.0
160716,2018-07-04,0,0.0
160716,2018-07-05,0,0.0
160716,2018-07-06,0,0.0
160716,2018-07-07,0,0
160716,2018-07-08,0,0
160716,2018-07-09,0,0.0
160716,2018-07-10,0,0.0
160716,2018-07-11,0,0.0
160716,2018-07-12,0,0.0
160716,2018-07-13,0,0.0
160716,2018-07-14,0,0
160716,2018-07-15,0,0
160716,2018-07-16,0,0.0
160716,2018-07-17,0,0.0
160716,2018-07-18,0,0.0
160716,2018-07-19,0,0.0
160716,2018-07-20,0,0.0
160716,2018-07-21,0,0
160716,2018-07-22,0,0
160716,2018-07-23,0,0.0
160716,2018-07-24,0,0.0
160716,2018-07-25,0,0.0
160716,2018-07-26,0,0.0
160716,2018-07-27,0,0.0
160716,2018-07-28,0,0
160716,2018-07-29,0,0
160716,2018-07-30,0,0.0
160716,2018-07-31,0,0.0
160716,2018-08-01,0,0.0
160716,2018-08-02,0,0.0
160716,2018-08-03,0,0.0
160716,2018-08-04,0,0
160716,2018-08-05,0,0
160716,2018-08-06,0,0.0
160716,2018-08-07,0,0.0
160716,2018-08-08,0,0.0
160716,2018-08-09,0,0.0
160716,2018-08-10,0,0.0
160716,2018-08-11,0,0
160716,2018-08-12,0,0
160716,2018-08-13,0,0.0
160716,2018-08-14,0,0.0
160716,2018-08-15,0,0.0
160716,2018-08-16,0,0.0
160716,2018-08-17,0,0.0
160716,2018-08-18,0,0
160716,2018-08-19,0,0
160716,2018-08-20,0,0.0
160716,2018-08-21,0,0.0
160716,2018-08-22,0,0.0
160716,2018-08-23,0,0.0
160716,2018-08-24,0,0.0
160716,2018-08-25,0,0
160716,2018-08-26,0,0
160716,2018-08-27,0,0.0
160716,2018-08-28,0,0.0
160716,2018-08-29,0,0.0
160716,2018-08-30,0,0.0
160716,2018-08-31,0,0.0
160716,2018-09-01,0,0
160716,2018-09-02,0,0
160716,2018-09-03,0,0.0
160716,2018-09-04,0,0.0
160716,2018-09-05,0,0.0
160716,2018-09-06,0,0.0
160716,2018-09-07,0,0.0
160716,2018-09-08,0,0
160716,2018-09-09,0,0
160716,2018-09-10,0,0.0
160716,2018-09-11,0,0.0
160716,2018-09-12,0,0.0
160716,2018-09-13,0,0.0
160716,2018-09-14,0,0.0
160716,2018-09-15,0,0
160716,2018-09-16,0,0
160716,2018-09-17,0,0.0
160716,2018-09-18,0,0.0
160716,2018-09-19,0,0.0
160716,2018-09-20,0,0.0
160716,2018-09-21,0,0.0
160716,2018-09-22,0,0
160716,2018-09-23,0,0
160716,2018-09-24,0,0
160716,2018-09-25,0,0.0
160716,2018-09-26,0,0.0
160716,2018-09-27,0,0.0
160716,2018-09-28,0,0.0
160716,2018-09-29,0,0
160716,2018-09-30,0,0
160716,2018-10-01,0,0
160716,2018-10-02,0,0
160716,2018-10-03,0,0
160716,2018-10-04,0,0
160716,2018-10-05,0,0
160716,2018-10-06,0,0
160716,2018-10-07,0,0
160716,2018-10-08,0,0.0
160716,2018-10-09,0,0.0
160716,2018-10-10,0,0.0
160716,2018-10-11,0,0.0
160716,2018-10-12,0,0.0
160716,2018-10-13,0,0
160716,2018-10-14,0,0
160716,2018-10-15,0,0.0
160716,2018-10-16,0,0.0
160716,2018-10-17,0,0.0
160716,2018-10-18,0,0.0
160716,2018-10-19,0,0.0
160716,2018-10-20,0,0
160716,2018-10-21,0,0
160716,2018-10-22,0,0.0
160716,2018-10-23,0,0.0
160716,2018-10-24,0,0.0
160716,2018-10-25,0,0.0
160716,2018-10-26,0,0.0
160716,2018-10-27,0,0
160716,2018-10-28,0,0
160716,2018-10-29,0,0.0
160716,2018-10-30,0,0.0
160716,2018-10-31,0,0.0
160716,2018-11-01,0,0.0
160716,2018-11-02,0,0.0
160716,2018-11-03,0,0
160716,2018-11-04,0,0
160716,2018-11-05,0,0.0
160716,2018-11-06,0,0.0
160716,2018-11-07,0,0.0
160716,2018-11-08,0,0.0
160716,2018-11-09,130,91.58
160716,2018-11-10,0,0
160716,2018-11-11,0,0
160716,2018-11-12,126,88.28
160716,2018-11-13,123,85.83
160716,2018-11-14,132,93.16
160716,2018-11-15,125,87.38
160716,2018-11-16,124,86.56
160716,2018-11-17,0,0
160716,2018-11-18,0,0
160716,2018-11-19,0,0.0
160716,2018-11-20,126,88.35
160716,2018-11-21,126,88.32
160716,2018-11-22,129,90.85
160716,2018-11-23,140,99.94
160716,2018-11-24,0,0
160716,2018-11-25,0,0
160716,2018-11-26,138,98.43
160716,2018-11-27,141,100.87
160716,2018-11-28,134,95.01
160716,2018-11-29,139,99.25
160716,2018-11-30,132,93.42
160716,2018-12-01,0,0
160716,2018-12-02,0,0
160716,2018-12-03,117,81.27
160716,2018-12-04,116,80.35
160716,2018-12-05,120,83.66
160716,2018-12-06,130,91.89
160716,2018-12-07,129,90.93
160716,2018-12-08,0,0
160716,2018-12-09,0,0
160716,2018-12-10,134,95.2
160716,2018-12-11,133,94.41
160716,2018-12-12,129,91.19
160716,2018-12-13,119,82.88
160716,2018-12-14,127,89.48
160716,2018-12-15,0,0
160716,2018-12-16,0,0
160716,2018-12-17,124,87.03
160716,2018-12-18,132,93.73
160716,2018-12-19,138,98.7
160716,2018-12-20,150,108.89
160716,2018-12-21,157,114.89
160716,2018-12-22,0,0
160716,2018-12-23,0,0
160716,2018-12-24,158,115.85
160716,2018-12-25,164,121.04
160716,2018-12-26,166,122.92
160716,2018-12-27,168,124.66
160716,2018-12-28,162,119.48
160716,2018-12-29,0,0
160716,2018-12-30,0,0
160716,2018-12-31,162,119.49
160716,2019-01-01,0,0
160716,2019-01-02,176,131.68
160716,2019-01-03,171,127.37
160716,2019-01-04,155,113.54
160716,2019-01-05,0,0
160716,2019-01-06,0,0
160716,2019-01-07,155,113.54
160716,2019-01-08,156,114.54
160716,2019-01-09,148,107.73
160716,2019-01-10,150,109.55
160716,2019-01-11,144,104.41
160716,2019-01-12,0,0
160716,2019-01-13,0,0
160716,2019-01-14,150,109.62
160716,2019-01-15,138,99.55
160716,2019-01-16,136,97.86
160716,2019-01-17,139,100.51
160716,2019-01-18,124,88.11
160716,2019-01-19,0,0
160716,2019-01-20,0,0
160716,2019-01-21,120,84.87
160716,2019-01-22,127,90.79
160716,2019-01-23,127,90.79
160716,2019-01-24,123,87.59
160716,2019-01-25,114,80.21
160716,2019-01-26,0,0
160716,2019-01-27,0,0
160716,2019-01-28,112,78.75
160716,2019-01-29,0,0.0
160716,2019-01-30,110,77.22
160716,2019-01-31,0,0.0
160716,2019-02-01,0,0.0
160716,2019-02-02,0,0
160716,2019-02-03,0,0
160716,2019-02-04,0,0
160716,2019-02-05,0,0
160716,2019-02-06,0,0
160716,2019-02-07,0,0
160716,2019-02-08,0,0
160716,2019-02-09,0,0
160716,2019-02-10,0,0
160716,2019-02-11,0,0.0
160716,2019-02-12,0,0.0
160716,2019-02-13,0,0.0
160716,2019-02-14,0,0.0
160716,2019-02-15,0,0.0
160716,2019-02-16,0,0
160716,2019-02-17,0,0
160716,2019-02-18,0,0.0
160716,2019-02-19,0,0.0
160716,2019-02-20,0,0.0
160716,2019-02-21,0,0.0
160716,2019-02-22,0,0.0
160716,2019-02-23,0,0
160716,2019-02-24,0,0
160716,2019-02-25,0,0.0
160716,2019-02-26,0,0.0
160716,2019-02-27,0,0.0
160716,2019-02-28,0,0.0
160716,2019-03-01,0,0.0
160716,2019-03-02,0,0
160716,2019-03-03,0,0
160716,2019-03-04,0,0.0
160716,2019-03-05,0,0.0
160716,2019-03-06,0,0.0
160716,2019-03-07,0,0.0
160716,2019-03-08,0,0.0
160716,2019-03-09,0,0
160716,2019-03-10,0,0
160716,2019-03-11,0,0.0
160716,2019-03-12,0,0.0
160716,2019-03-13,0,0.0
160716,2019-03-14,0,0.0
160716,2019-03-15,0,0.0
160716,2019-03-16,0,0
160716,2019-03-17,0,0
160716,2019-03-18,0,0.0
160716,2019-03-19,0,0.0
160716,2019-03-20,0,0.0
160716,2019-03-21,0,0.0
160716,2019-03-22,0,0.0
160716,2019-03-23,0,0
160716,2019-03-24,0,0
160716,2019-03-25,0,0.0
160716,2019-03-26,0,0.0
160716,2019-03-27,0,0.0
160716,2019-03-28,0,0.0
160716,2019-03-29,0,0.0
160716,2019-03-30,0,0
160716,2019-03-31,0,0
160716,2019-04-01,0,0.0
160716,2019-04-02,0,0.0
160716,2019-04-03,0,0.0
160716,2019-04-04,0,0.0
160716,2019-04-05,0,0
160716,2019-04-06,0,0
160716,2019-04-07,0,0
160716,2019-04-08,0,0.0
160716,2019-04-09,0,0.0
160716,2019-04-10,0,0.0
160716,2019-04-11,0,0.0
160716,2019-04-12,0,0.0
160716,2019-04-13,0,0
160716,2019-04-14,0,0
160716,2019-04-15,0,0.0
160716,2019-04-16,0,0.0
160716,2019-04-17,0,0.0
160716,2019-04-18,0,0.0
160716,2019-04-19,0,0.0
160716,2019-04-20,0,0
160716,2019-04-21,0,0
160716,2019-04-22,0,0.0
160716,2019-04-23,0,0.0
160716,2019-04-24,0,0.0
160716,2019-04-25,0,0.0
160716,2019-04-26,0,0.0
160716,2019-04-27,0,0
160716,2019-04-28,0,0
160716,2019-04-29,0,0.0
160716,2019-04-30,0,0.0
160716,2019-05-01,0,0
160716,2019-05-02,0,0
160716,2019-05-03,0,0
160716,2019-05-04,0,0
160716,2019-05-05,0,0
160716,2019-05-06,0,0.0
160716,2019-05-07,0,0.0
160716,2019-05-08,0,0.0
160716,2019-05-09,0,0.0
160716,2019-05-10,0,0.0
160716,2019-05-11,0,0
160716,2019-05-12,0,0
160716,2019-05-13,0,0.0
160716,2019-05-14,0,0.0
160716,2019-05-15,0,0.0
160716,2019-05-16,0,0.0
160716,2019-05-17,0,0.0
160716,2019-05-18,0,0
160716,2019-05-19,0,0
160716,2019-05-20,0,0.0
160716,2019-05-21,0,0.0
160716,2019-05-22,0,0.0
160716,2019-05-23,0,0.0
160716,2019-05-24,0,0.0
160716,2019-05-25,0,0
160716,2019-05-26,0,0
160716,2019-05-27,0,0.0
160716,2019-05-28,0,0.0
160716,2019-05-29,0,0.0
160716,2019-05-30,0,0.0
160716,2019-05-31,0,0.0
160716,2019-06-01,0,0
160716,2019-06-02,0,0
160716,2019-06-03,0,0.0
160716,2019-06-04,0,0.0
160716,2019-06-05,0,0.0
160716,2019-06-06,0,0.0
160716,2019-06-07,0,0
160716,2019-06-08,0,0
160716,2019-06-09,0,0
160716,2019-06-10,0,0.0
160716,2019-06-11,0,0.0
160716,2019-06-12,0,0.0
160716,2019-06-13,0,0.0
160716,2019-06-14,0,0.0
160716,2019-06-15,0,0
160716,2019-06-16,0,0
160716,2019-06-17,0,0.0
160716,2019-06-18,0,0.0
160716,2019-06-19,0,0.0
160716,2019-06-20,0,0.0
160716,2019-06-21,0,0.0
160716,2019-06-22,0,0
160716,2019-06-23,0,0
160716,2019-06-24,0,0.0
160716,2019-06-25,0,0.0
160716,2019-06-26,0,0.0
160716,2019-06-27,0,0.0
160716,2019-06-28,0,0.0
160716,2019-06-29,0,0
160716,2019-06-30,0,0.0
160716,2019-07-01,0,0.0
160716,2019-07-02,0,0.0
160716,2019-07-03,0,0.0
160716,2019-07-04,0,0.0
160716,2019-07-05,0,0.0
160716,2019-07-06,0,0
160716,2019-07-07,0,0
160716,2019-07-08,0,0.0
160716,2019-07-09,0,0.0
160716,2019-07-10,0,0.0
160716,2019-07-11,0,0.0
160716,2019-07-12,0,0.0
160716,2019-07-13,0,0
160716,2019-07-14,0,0
160716,2019-07-15,0,0.0
160716,2019-07-16,0,0.0
160716,2019-07-17,0,0.0
160716,2019-07-18,0,0.0
160716,2019-07-19,0,0.0
160716,2019-07-20,0,0
160716,2019-07-21,0,0
160716,2019-07-22,0,0.0
160716,2019-07-23,0,0.0
160716,2019-07-24,0,0.0
160716,2019-07-25,0,0.0
160716,2019-07-26,0,0.0
160716,2019-07-27,0,0
160716,2019-07-28,0,0
160716,2019-07-29,0,0.0
160716,2019-07-30,0,0.0
160716,2019-07-31,0,0.0
160716,2019-08-01,0,0.0
160716,2019-08-02,0,0.0
160716,2019-08-03,0,0
160716,2019-08-04,0,0
160716,2019-08-05,0,0.0
160716,2019-08-06,0,0.0
160716,2019-08-07,0,0.0
160716,2019-08-08,0,0.0
160716,2019-08-09,0,0.0
160716,2019-08-10,0,0
160716,2019-08-11,0,0
160716,2019-08-12,0,0.0
160716,2019-08-13,0,0.0
160716,2019-08-14,0,0.0
160716,2019-08-15,0,0.0
160716,2019-08-16,0,0.0
160716,2019-08-17,0,0
160716,2019-08-18,0,0
160716,2019-08-19,0,0.0
160716,2019-08-20,0,0.0
160716,2019-08-21,0,0.0
160716,2019-08-22,0,0.0
160716,2019-08-23,0,0.0
160716,2019-08-24,0,0
160716,2019-08-25,0,0
160716,2019-08-26,0,0.0
160716,2019-08-27,0,0.0
160716,2019-08-28,0,0.0
160716,2019-08-29,0,0.0
160716,2019-08-30,0,0.0
160716,2019-08-31,0,0
160716,2019-09-01,0,0
160716,2019-09-02,0,0.0
160716,2019-09-03,0,0.0
160716,2019-09-04,0,0.0
160716,2019-09-05,0,0.0
160716,2019-09-06,0,0.0
160716,2019-09-07,0,0
160716,2019-09-08,0,0
160716,2019-09-09,0,0.0
160716,2019-09-10,0,0.0
160716,2019-09-11,0,0.0
160716,2019-09-12,0,0.0
160716,2019-09-13,0,0
160716,2019-09-14,0,0
160716,2019-09-15,0,0
160716,2019-09-16,0,0.0
160716,2019-09-17,0,0.0
160716,2019-09-18,0,0.0
160716,2019-09-19,0,0.0
160716,2019-09-20,0,0.0
160716,2019-09-21,0,0
160716,2019-09-22,0,0
160716,2019-09-23,0,0.0
160716,2019-09-24,0,0.0
160716,2019-09-25,0,0.0
160716,2019-09-26,0,0.0
160716,2019-09-27,0,0.0
160716,2019-09-28,0,0
160716,2019-09-29,0,0
160716,2019-09-30,0,0.0
160716,2019-10-01,0,0
160716,2019-10-02,0,0
160716,2019-10-03,0,0
160716,2019-10-04,0,0
160716,2019-10-05,0,0
160716,2019-10-06,0,0
160716,2019-10-07,0,0
160716,2019-10-08,0,0.0
160716,2019-10-09,0,0.0
160716,2019-10-10,0,0.0
160716,2019-10-11,0,0.0
160716,2019-10-12,0,0
160716,2019-10-13,0,0
160716,2019-10-14,0,0.0
160716,2019-10-15,0,0.0
160716,2019-10-16,0,0.0
160716,2019-10-17,0,0.0
160716,2019-10-18,0,0.0
160716,2019-10-19,0,0
160716,2019-10-20,0,0
160716,2019-10-21,0,0.0
160716,2019-10-22,0,0.0
160716,2019-10-23,0,0.0
160716,2019-10-24,0,0.0
160716,2019-10-25,0,0.0
160716,2019-10-26,0,0
160716,2019-10-27,0,0
160716,2019-10-28,0,0.0
160716,2019-10-29,0,0.0
160716,2019-10-30,0,0.0
160716,2019-10-31,0,0.0
160716,2019-11-01,0,0.0
160716,2019-11-02,0,0
160716,2019-11-03,0,0
160716,2019-11-04,0,0.0
160716,2019-11-05,0,0.0
160716,2019-11-06,0,0.0
160716,2019-11-07,0,0.0
160716,2019-11-08,0,0.0
160716,2019-11-09,0,0
160716,2019-11-10,0,0
160716,2019-11-11,0,0.0
160716,2019-11-12,0,0.0
160716,2019-11-13,0,0.0
160716,2019-11-14,0,0.0
160716,2019-11-15,0,0.0
160716,2019-11-16,0,0
160716,2019-11-17,0,0
160716,2019-11-18,0,0.0
160716,2019-11-19,0,0.0
160716,2019-11-20,0,0.0
160716,2019-11-21,0,0.0
160716,2019-11-22,0,0.0
160716,2019-11-23,0,0
160716,2019-11-24,0,0
160716,2019-11-25,0,0.0
160716,2019-11-26,0,0.0
160716,2019-11-27,0,0.0
160716,2019-11-28,0,0.0
160716,2019-11-29,0,0.0
160716,2019-11-30,0,0
160716,2019-12-01,0,0
160716,2019-12-02,0,0.0
160716,2019-12-03,0,0.0
160716,2019-12-04,0,0.0
160716,2019-12-05,0,0.0
160716,2019-12-06,0,0.0
160716,2019-12-07,0,0
160716,2019-12-08,0,0
160716,2019-12-09,0,0.0
160716,2019-12-10,0,0.0
160716,2019-12-11,0,0.0
160716,2019-12-12,0,0.0
160716,2019-12-13,0,0.0
160716,2019-12-14,0,0
160716,2019-12-15,0,0
160716,2019-12-16,0,0.0
160716,2019-12-17,0,0.0
160716,2019-12-18,0,0.0
160716,2019-12-19,0,0.0
160716,2019-12-20,0,0.0
160716,2019-12-21,0,0
160716,2019-12-22,0,0
160716,2019-12-23,0,0.0
160716,2019-12-24,0,0.0
160716,2019-12-25,0,0.0
160716,2019-12-26,0,0.0
160716,2019-12-27,0,0.0
160716,2019-12-28,0,0
160716,2019-12-29,0,0
160716,2019-12-30,0,0.0
160716,2019-12-31,0,0.0
160716,2020-01-01,0,0
160716,2020-01-02,0,0.0
160716,2020-01-03,0,0.0
160716,2020-01-04,0,0
160716,2020-01-05,0,0
160716,2020-01-06,0,0.0
160716,2020-01-07,0,0.0
160716,2020-01-08,0,0.0
160716,2020-01-09,0,0.0
160716,2020-01-10,0,0.0
160716,2020-01-11,0,0
160716,2020-01-12,0,0
160716,2020-01-13,0,0.0
160716,2020-01-14,0,0.0
160716,2020-01-15,0,0.0
160716,2020-01-16,0,0.0
160716,2020-01-17,0,0.0
160716,2020-01-18,0,0
160716,2020-01-19,0,0
160716,2020-01-20,0,0.0
160716,2020-01-21,0,0.0
160716,2020-01-22,0,0.0
160716,2020-01-23,0,0.0
160716,2020-01-24,0,0
160716,2020-01-25,0,0
160716,2020-01-26,0,0
160716,2020-01-27,0,0
160716,2020-01-28,0,0
160716,2020-01-29,0,0
160716,2020-01-30,0,0
160716,2020-01-31,0,0
160716,2020-02-01,0,0
160716,2020-02-02,0,0
160716,2020-02-03,158,108.32
160716,2020-02-04,139,93.27
160716,2020-02-05,136,90.88
160716,2020-02-06,128,84.72
160716,2020-02-07,130,86.29
160716,2020-02-08,0,0
160716,2020-02-09,0,0
160716,2020-02-10,129,85.49
160716,2020-02-11,122,80.07
160716,2020-02-12,120,78.56
160716,2020-02-13,124,81.53
160716,2020-02-14,119,77.67
160716,2020-02-15,0,0
160716,2020-02-16,0,0
160716,2020-02-17,109,70.05
160716,2020-02-18,115,74.59
160716,2020-02-19,115,74.62
160716,2020-02-20,0,0.0
160716,2020-02-21,0,0.0
160716,2020-02-22,0,0
160716,2020-02-23,0,0
160716,2020-02-24,114,73.93
160716,2020-02-25,120,78.51
160716,2020-02-26,115,74.56
160716,2020-02-27,114,73.78
160716,2020-02-28,130,85.97
160716,2020-02-29,0,0
160716,2020-03-01,0,0
160716,2020-03-02,109,69.92
160716,2020-03-03,108,69.2
160716,2020-03-04,104,66.2
160716,2020-03-05,0,0.0
160716,2020-03-06,0,0.0
160716,2020-03-07,0,0
160716,2020-03-08,0,0
160716,2020-03-09,121,79.07
160716,2020-03-10,110,70.77
160716,2020-03-11,117,76.11
160716,2020-03-12,125,82.19
160716,2020-03-13,136,90.67
160716,2020-03-14,0,0
160716,2020-03-15,0,0
160716,2020-03-16,159,108.87
160716,2020-03-17,164,112.81
160716,2020-03-18,185,129.93
160716,2020-03-19,215,154.81
160716,2020-03-20,192,135.82
160716,2020-03-21,0,0
160716,2020-03-22,0,0
160716,2020-03-23,224,162.65
160716,2020-03-24,192,136.05
160716,2020-03-25,169,117.3
160716,2020-03-26,175,121.99
160716,2020-03-27,169,116.9
160716,2020-03-28,0,0
160716,2020-03-29,0,0
160716,2020-03-30,173,119.86
160716,2020-03-31,180,125.64
160716,2020-04-01,183,128.21
160716,2020-04-02,172,119.44
160716,2020-04-03,180,125.94
160716,2020-04-04,0,0
160716,2020-04-05,0,0
160716,2020-04-06,0,0
160716,2020-04-07,165,113.94
160716,2020-04-08,170,118.0
160716,2020-04-09,170,118.0
160716,2020-04-10,170,118.08
160716,2020-04-11,0,0
160716,2020-04-12,0,0
160716,2020-04-13,171,119.01
160716,2020-04-14,160,110.09
160716,2020-04-15,166,115.12
160716,2020-04-16,166,115.11
160716,2020-04-17,155,106.39
160716,2020-04-18,0,0
160716,2020-04-19,0,0
160716,2020-04-20,154,105.73
160716,2020-04-21,163,112.88
160716,2020-04-22,160,110.6
160716,2020-04-23,161,111.53
160716,2020-04-24,163,113.65
160716,2020-04-25,0,0
160716,2020-04-26,0,0
160716,2020-04-27,155,107.21
160716,2020-04-28,153,105.57
160716,2020-04-29,142,96.74
160716,2020-04-30,126,85.26
160716,2020-05-01,0,0
160716,2020-05-02,0,0
160716,2020-05-03,0,0
160716,2020-05-04,0,0
160716,2020-05-05,0,0
160716,2020-05-06,129,87.69
160716,2020-05-07,133,90.86
160716,2020-05-08,126,85.24
160716,2020-05-09,0,0
160716,2020-05-10,0,0
160716,2020-05-11,124,83.65
160716,2020-05-12,127,86.08
160716,2020-05-13,128,86.89
160716,2020-05-14,136,93.33
160716,2020-05-15,138,94.96
160716,2020-05-16,0,0
160716,2020-05-17,0,0
160716,2020-05-18,135,92.66
160716,2020-05-19,131,89.46
160716,2020-05-20,132,90.26
160716,2020-05-21,135,92.8
160716,2020-05-22,152,106.46
160716,2020-05-23,0,0
160716,2020-05-24,0,0
160716,2020-05-25,150,104.87
160716,2020-05-26,146,101.62
160716,2020-05-27,146,101.6
160716,2020-05-28,139,96.03
160716,2020-05-29,144,100.06
160716,2020-05-30,0,0
160716,2020-05-31,0,0
160716,2020-06-01,130,88.85
160716,2020-06-02,0,0.0
160716,2020-06-03,0,0.0
160716,2020-06-04,0,0.0
160716,2020-06-05,0,0.0
160716,2020-06-06,0,0
160716,2020-06-07,0,0
160716,2020-06-08,0,0.0
160716,2020-06-09,0,0.0
160716,2020-06-10,0,0.0
160716,2020-06-11,131,89.82
160716,2020-06-12,132,90.67
160716,2020-06-13,0,0
160716,2020-06-14,0,0
160716,2020-06-15,147,102.28
160716,2020-06-16,138,95.03
160716,2020-06-17,139,95.9
160716,2020-06-18,136,93.48
160716,2020-06-19,131,89.54
160716,2020-06-20,0,0
160716,2020-06-21,0,0
160716,2020-06-22,135,92.81
160716,2020-06-23,138,95.35
160716,2020-06-24,131,89.78
160716,2020-06-25,0,0
160716,2020-06-26,0,0
160716,2020-06-27,0,0
160716,2020-06-28,0,0
160716,2020-06-29,137,94.69
160716,2020-06-30,136,93.63
160716,2020-07-01,118,79.33
160716,2020-07-02,0,0.0
160716,2020-07-03,0,0.0
160716,2020-07-04,0,0
160716,2020-07-05,0,0
160716,2020-07-06,0,0.0
160716,2020-07-07,0,0.0
160716,2020-07-08,0,0.0
160716,2020-07-09,0,0.0
160716,2020-07-10,0,0.0
160716,2020-07-11,0,0
160716,2020-07-12,0,0
160716,2020-07-13,0,0.0
160716,2020-07-14,0,0.0
160716,2020-07-15,0,0.0
160716,2020-07-16,0,0.0
160716,2020-07-17,0,0.0
160716,2020-07-18,0,0
160716,2020-07-19,0,0
160716,2020-07-20,0,0.0
160716,2020-07-21,0,0.0
160716,2020-07-22,0,0.0
160716,2020-07-23,0,0.0
160716,2020-07-24,0,0.0
160716,2020-07-25,0,0
160716,2020-07-26,0,0
160716,2020-07-27,0,0.0
160716,2020-07-28,0,0.0
160716,2020-07-29,0,0.0
160716,2020-07-30,0,0.0
160716,2020-07-31,0,0.0
160716,2020-08-01,0,0
160716,2020-08-02,0,0
160716,2020-08-03,0,0.0
160716,2020-08-04,0,0.0
160716,2020-08-05,0,0.0
160716,2020-08-06,0,0.0
160716,2020-08-07,0,0.0
160716,2020-08-08,0,0
160716,2020-08-09,0,0
160716,2020-08-10,0,0.0
160716,2020-08-11,0,0.0
160716,2020-08-12,0,0.0
160716,2020-08-13,0,0.0
160716,2020-08-14,0,0.0
160716,2020-08-15,0,0
160716,2020-08-16,0,0
160716,2020-08-17,0,0.0
160716,2020-08-18,0,0.0
160716,2020-08-19,0,0.0
160716,2020-08-20,0,0.0
160716,2020-08-21,0,0.0
160716,2020-08-22,0,0
160716,2020-08-23,0,0
160716,2020-08-24,0,0.0
160716,2020-08-25,0,0.0
160716,2020-08-26,0,0.0
160716,2020-08-27,0,0.0
160716,2020-08-28,0,0.0
160716,2020-08-29,0,0
160716,2020-08-30,0,0
160716,2020-08-31,0,0.0
160716,2020-09-01,0,0.0
160716,2020-09-02,0,0.0
160716,2020-09-03,0,0.0
160716,2020-09-04,0,0.0
160716,2020-09-05,0,0
160716,2020-09-06,0,0
160716,2020-09-07,0,0.0
160716,2020-09-08,0,0.0
160716,2020-09-09,0,0.0
160716,2020-09-10,0,0.0
160716,2020-09-11,0,0.0
160716,2020-09-12,0,0
160716,2020-09-13,0,0
160716,2020-09-14,0,0.0
160716,2020-09-15,0,0.0
160716,2020-09-16,0,0.0
160716,2020-09-17,0,0.0
160716,2020-09-18,0,0.0
160716,2020-09-19,0,0
160716,2020-09-20,0,0
160716,2020-09-21,0,0.0
160716,2020-09-22,0,0.0
160716,2020-09-23,0,0.0
160716,2020-09-24,0,0.0
160716,2020-09-25,0,0.0
160716,2020-09-26,0,0
160716,2020-09-27,0,0
160716,2020-09-28,0,0.0
160716,2020-09-29,0,0.0
160716,2020-09-30,0,0.0
160716,2020-10-01,0,0
160716,2020-10-02,0,0
160716,2020-10-03,0,0
160716,2020-10-04,0,0
160716,2020-10-05,0,0
160716,2020-10-06,0,0
160716,2020-10-07,0,0
160716,2020-10-08,0,0
160716,2020-10-09,0,0.0
160716,2020-10-10,0,0
160716,2020-10-11,0,0
160716,2020-10-12,0,0.0
160716,2020-10-13,0,0.0
160716,2020-10-14,0,0.0
160716,2020-10-15,0,0.0
160716,2020-10-16,0,0.0
160716,2020-10-17,0,0
160716,2020-10-18,0,0
160716,2020-10-19,0,0.0
160716,2020-10-20,0,0.0
160716,2020-10-21,0,0.0
160716,2020-10-22,0,0.0
160716,2020-10-23,0,0.0
160716,2020-10-24,0,0
160716,2020-10-25,0,0
160716,2020-10-26,0,0.0
160716,2020-10-27,0,0.0
160716,2020-10-28,0,0.0
160716,2020-10-29,0,0.0
160716,2020-10-30,0,0.0
160716,2020-10-31,0,0
160716,2020-11-01,0,0
160716,2020-11-02,0,0.0
160716,2020-11-03,0,0.0
160716,2020-11-04,0,0.0
160716,2020-11-05,0,0.0
160716,2020-11-06,0,0.0
160716,2020-11-07,0,0
160716,2020-11-08,0,0
160716,2020-11-09,0,0.0
160716,2020-11-10,0,0.0
160716,2020-11-11,0,0.0
160716,2020-11-12,0,0.0
160716,2020-11-13,0,0.0
160716,2020-11-14,0,0
160716,2020-11-15,0,0
160716,2020-11-16,0,0.0
160716,2020-11-17,0,0.0
160716,2020-11-18,0,0.0
160716,2020-11-19,0,0.0
160716,2020-11-20,0,0.0
160716,2020-11-21,0,0
160716,2020-11-22,0,0
160716,2020-11-23,0,0.0
160716,2020-11-24,0,0.0
160716,2020-11-25,0,0.0
160716,2020-11-26,0,0.0
160716,2020-11-27,0,0.0
160716,2020-11-28,0,0
160716,2020-11-29,0,0
160716,2020-11-30,0,0.0
160716,2020-12-01,0,0.0
160716,2020-12-02,0,0.0
160716,2020-12-03,0,0.0
160716,2020-12-04,0,0.0
160716,2020-12-05,0,0
160716,2020-12-06,0,0
160716,2020-12-07,0,0.0
160716,2020-12-08,0,0.0
160716,2020-12-09,0,0.0
160716,2020-12-10,0,0.0
160716,2020-12-11,0,0.0
160716,2020-12-12,0,0
160716,2020-12-13,0,0
160716,2020-12-14,0,0.0
160716,2020-12-15,0,0.0
160716,2020-12-16,0,0.0
160716,2020-12-17,0,0.0
160716,2020-12-18,0,0.0
160716,2020-12-19,0,0
160716,2020-12-20,0,0
160716,2020-12-21,0,0.0
