310398,2015-12-23,0,0.0
310398,2015-12-24,0,0.0
310398,2015-12-25,0,0.0
310398,2015-12-26,0,0
310398,2015-12-27,0,0
310398,2015-12-28,0,0.0
310398,2015-12-29,0,0.0
310398,2015-12-30,0,0.0
310398,2015-12-31,0,0.0
310398,2016-01-01,0,0
310398,2016-01-02,0,0
310398,2016-01-03,0,0
310398,2016-01-04,0,0.0
310398,2016-01-05,0,0.0
310398,2016-01-06,0,0.0
310398,2016-01-07,0,0.0
310398,2016-01-08,0,0.0
310398,2016-01-09,0,0
310398,2016-01-10,0,0
310398,2016-01-11,0,0.0
310398,2016-01-12,0,0.0
310398,2016-01-13,0,0.0
310398,2016-01-14,0,0.0
310398,2016-01-15,0,0.0
310398,2016-01-16,0,0
310398,2016-01-17,0,0
310398,2016-01-18,0,0.0
310398,2016-01-19,0,0.0
310398,2016-01-20,0,0.0
310398,2016-01-21,0,0.0
310398,2016-01-22,0,0.0
310398,2016-01-23,0,0
310398,2016-01-24,0,0
310398,2016-01-25,0,0.0
310398,2016-01-26,0,0.0
310398,2016-01-27,0,0.0
310398,2016-01-28,0,0.0
310398,2016-01-29,0,0.0
310398,2016-01-30,0,0
310398,2016-01-31,0,0
310398,2016-02-01,0,0.0
310398,2016-02-02,0,0.0
310398,2016-02-03,0,0.0
310398,2016-02-04,0,0.0
310398,2016-02-05,0,0.0
310398,2016-02-06,0,0
310398,2016-02-07,0,0
310398,2016-02-08,0,0
310398,2016-02-09,0,0
310398,2016-02-10,0,0
310398,2016-02-11,0,0
310398,2016-02-12,0,0
310398,2016-02-13,0,0
310398,2016-02-14,0,0
310398,2016-02-15,0,0.0
310398,2016-02-16,0,0.0
310398,2016-02-17,0,0.0
310398,2016-02-18,0,0.0
310398,2016-02-19,0,0.0
310398,2016-02-20,0,0
310398,2016-02-21,0,0
310398,2016-02-22,0,0.0
310398,2016-02-23,0,0.0
310398,2016-02-24,0,0.0
310398,2016-02-25,0,0.0
310398,2016-02-26,0,0.0
310398,2016-02-27,0,0
310398,2016-02-28,0,0
310398,2016-02-29,0,0.0
310398,2016-03-01,0,0.0
310398,2016-03-02,0,0.0
310398,2016-03-03,0,0.0
310398,2016-03-04,0,0.0
310398,2016-03-05,0,0
310398,2016-03-06,0,0
310398,2016-03-07,0,0.0
310398,2016-03-08,0,0.0
310398,2016-03-09,0,0.0
310398,2016-03-10,0,0.0
310398,2016-03-11,0,0.0
310398,2016-03-12,0,0
310398,2016-03-13,0,0
310398,2016-03-14,0,0.0
310398,2016-03-15,0,0.0
310398,2016-03-16,0,0.0
310398,2016-03-17,0,0.0
310398,2016-03-18,0,0.0
310398,2016-03-19,0,0
310398,2016-03-20,0,0
310398,2016-03-21,0,0.0
310398,2016-03-22,0,0.0
310398,2016-03-23,0,0.0
310398,2016-03-24,0,0.0
310398,2016-03-25,0,0.0
310398,2016-03-26,0,0
310398,2016-03-27,0,0
310398,2016-03-28,0,0.0
310398,2016-03-29,0,0.0
310398,2016-03-30,0,0.0
310398,2016-03-31,0,0.0
310398,2016-04-01,0,0.0
310398,2016-04-02,0,0
310398,2016-04-03,0,0
310398,2016-04-04,0,0
310398,2016-04-05,0,0.0
310398,2016-04-06,0,0.0
310398,2016-04-07,0,0.0
310398,2016-04-08,0,0.0
310398,2016-04-09,0,0
310398,2016-04-10,0,0
310398,2016-04-11,0,0.0
310398,2016-04-12,0,0.0
310398,2016-04-13,0,0.0
310398,2016-04-14,0,0.0
310398,2016-04-15,0,0.0
310398,2016-04-16,0,0
310398,2016-04-17,0,0
310398,2016-04-18,0,0.0
310398,2016-04-19,0,0.0
310398,2016-04-20,0,0.0
310398,2016-04-21,0,0.0
310398,2016-04-22,0,0.0
310398,2016-04-23,0,0
310398,2016-04-24,0,0
310398,2016-04-25,0,0.0
310398,2016-04-26,0,0.0
310398,2016-04-27,0,0.0
310398,2016-04-28,0,0.0
310398,2016-04-29,0,0.0
310398,2016-04-30,0,0
310398,2016-05-01,0,0
310398,2016-05-02,0,0
310398,2016-05-03,0,0.0
310398,2016-05-04,0,0.0
310398,2016-05-05,0,0.0
310398,2016-05-06,0,0.0
310398,2016-05-07,0,0
310398,2016-05-08,0,0
310398,2016-05-09,0,0.0
310398,2016-05-10,0,0.0
310398,2016-05-11,0,0.0
310398,2016-05-12,0,0.0
310398,2016-05-13,0,0.0
310398,2016-05-14,0,0
310398,2016-05-15,0,0
310398,2016-05-16,0,0.0
310398,2016-05-17,0,0.0
310398,2016-05-18,0,0.0
310398,2016-05-19,0,0.0
310398,2016-05-20,0,0.0
310398,2016-05-21,0,0
310398,2016-05-22,0,0
310398,2016-05-23,0,0.0
310398,2016-05-24,0,0.0
310398,2016-05-25,0,0.0
310398,2016-05-26,0,0.0
310398,2016-05-27,0,0.0
310398,2016-05-28,0,0
310398,2016-05-29,0,0
310398,2016-05-30,0,0.0
310398,2016-05-31,0,0.0
310398,2016-06-01,0,0.0
310398,2016-06-02,0,0.0
310398,2016-06-03,0,0.0
310398,2016-06-04,0,0
310398,2016-06-05,0,0
310398,2016-06-06,0,0.0
310398,2016-06-07,0,0.0
310398,2016-06-08,0,0.0
310398,2016-06-09,0,0
310398,2016-06-10,0,0
310398,2016-06-11,0,0
310398,2016-06-12,0,0
310398,2016-06-13,0,0.0
310398,2016-06-14,0,0.0
310398,2016-06-15,0,0.0
310398,2016-06-16,0,0.0
310398,2016-06-17,0,0.0
310398,2016-06-18,0,0
310398,2016-06-19,0,0
310398,2016-06-20,0,0.0
310398,2016-06-21,0,0.0
310398,2016-06-22,0,0.0
310398,2016-06-23,0,0.0
310398,2016-06-24,0,0.0
310398,2016-06-25,0,0
310398,2016-06-26,0,0
310398,2016-06-27,0,0.0
310398,2016-06-28,0,0.0
310398,2016-06-29,0,0.0
310398,2016-06-30,0,0.0
310398,2016-07-01,0,0.0
310398,2016-07-02,0,0
310398,2016-07-03,0,0
310398,2016-07-04,0,0.0
310398,2016-07-05,0,0.0
310398,2016-07-06,0,0.0
310398,2016-07-07,0,0.0
310398,2016-07-08,0,0.0
310398,2016-07-09,0,0
310398,2016-07-10,0,0
310398,2016-07-11,0,0.0
310398,2016-07-12,0,0.0
310398,2016-07-13,0,0.0
310398,2016-07-14,0,0.0
310398,2016-07-15,0,0.0
310398,2016-07-16,0,0
310398,2016-07-17,0,0
310398,2016-07-18,0,0.0
310398,2016-07-19,0,0.0
310398,2016-07-20,0,0.0
310398,2016-07-21,0,0.0
310398,2016-07-22,0,0.0
310398,2016-07-23,0,0
310398,2016-07-24,0,0
310398,2016-07-25,0,0.0
310398,2016-07-26,0,0.0
310398,2016-07-27,0,0.0
310398,2016-07-28,0,0.0
310398,2016-07-29,0,0.0
310398,2016-07-30,0,0
310398,2016-07-31,0,0
310398,2016-08-01,0,0.0
310398,2016-08-02,0,0.0
310398,2016-08-03,0,0.0
310398,2016-08-04,0,0.0
310398,2016-08-05,0,0.0
310398,2016-08-06,0,0
310398,2016-08-07,0,0
310398,2016-08-08,0,0.0
310398,2016-08-09,0,0.0
310398,2016-08-10,0,0.0
310398,2016-08-11,0,0.0
310398,2016-08-12,0,0.0
310398,2016-08-13,0,0
310398,2016-08-14,0,0
310398,2016-08-15,0,0.0
310398,2016-08-16,0,0.0
310398,2016-08-17,0,0.0
310398,2016-08-18,0,0.0
310398,2016-08-19,0,0.0
310398,2016-08-20,0,0
310398,2016-08-21,0,0
310398,2016-08-22,0,0.0
310398,2016-08-23,0,0.0
310398,2016-08-24,0,0.0
310398,2016-08-25,0,0.0
310398,2016-08-26,0,0.0
310398,2016-08-27,0,0
310398,2016-08-28,0,0
310398,2016-08-29,0,0.0
310398,2016-08-30,0,0.0
310398,2016-08-31,0,0.0
310398,2016-09-01,0,0.0
310398,2016-09-02,0,0.0
310398,2016-09-03,0,0
310398,2016-09-04,0,0
310398,2016-09-05,0,0.0
310398,2016-09-06,0,0.0
310398,2016-09-07,0,0.0
310398,2016-09-08,0,0.0
310398,2016-09-09,0,0.0
310398,2016-09-10,0,0
310398,2016-09-11,0,0
310398,2016-09-12,0,0.0
310398,2016-09-13,0,0.0
310398,2016-09-14,0,0.0
310398,2016-09-15,0,0
310398,2016-09-16,0,0
310398,2016-09-17,0,0
310398,2016-09-18,0,0
310398,2016-09-19,0,0.0
310398,2016-09-20,0,0.0
310398,2016-09-21,0,0.0
310398,2016-09-22,0,0.0
310398,2016-09-23,0,0.0
310398,2016-09-24,0,0
310398,2016-09-25,0,0
310398,2016-09-26,0,0.0
310398,2016-09-27,0,0.0
310398,2016-09-28,0,0.0
310398,2016-09-29,0,0.0
310398,2016-09-30,0,0.0
310398,2016-10-01,0,0
310398,2016-10-02,0,0
310398,2016-10-03,0,0
310398,2016-10-04,0,0
310398,2016-10-05,0,0
310398,2016-10-06,0,0
310398,2016-10-07,0,0
310398,2016-10-08,0,0
310398,2016-10-09,0,0
310398,2016-10-10,0,0.0
310398,2016-10-11,0,0.0
310398,2016-10-12,0,0.0
310398,2016-10-13,0,0.0
310398,2016-10-14,0,0.0
310398,2016-10-15,0,0
310398,2016-10-16,0,0
310398,2016-10-17,0,0.0
310398,2016-10-18,0,0.0
310398,2016-10-19,0,0.0
310398,2016-10-20,0,0.0
310398,2016-10-21,0,0.0
310398,2016-10-22,0,0
310398,2016-10-23,0,0
310398,2016-10-24,0,0.0
310398,2016-10-25,0,0.0
310398,2016-10-26,0,0.0
310398,2016-10-27,0,0.0
310398,2016-10-28,0,0.0
310398,2016-10-29,0,0
310398,2016-10-30,0,0
310398,2016-10-31,0,0.0
310398,2016-11-01,0,0.0
310398,2016-11-02,0,0.0
310398,2016-11-03,0,0.0
310398,2016-11-04,0,0.0
310398,2016-11-05,0,0
310398,2016-11-06,0,0
310398,2016-11-07,0,0.0
310398,2016-11-08,0,0.0
310398,2016-11-09,0,0.0
310398,2016-11-10,0,0.0
310398,2016-11-11,0,0.0
310398,2016-11-12,0,0
310398,2016-11-13,0,0
310398,2016-11-14,0,0.0
310398,2016-11-15,0,0.0
310398,2016-11-16,0,0.0
310398,2016-11-17,0,0.0
310398,2016-11-18,0,0.0
310398,2016-11-19,0,0
310398,2016-11-20,0,0
310398,2016-11-21,0,0.0
310398,2016-11-22,0,0.0
310398,2016-11-23,0,0.0
310398,2016-11-24,0,0.0
310398,2016-11-25,0,0.0
310398,2016-11-26,0,0
310398,2016-11-27,0,0
310398,2016-11-28,0,0.0
310398,2016-11-29,0,0.0
310398,2016-11-30,0,0.0
310398,2016-12-01,0,0.0
310398,2016-12-02,0,0.0
310398,2016-12-03,0,0
310398,2016-12-04,0,0
310398,2016-12-05,0,0.0
310398,2016-12-06,0,0.0
310398,2016-12-07,0,0.0
310398,2016-12-08,0,0.0
310398,2016-12-09,0,0.0
310398,2016-12-10,0,0
310398,2016-12-11,0,0
310398,2016-12-12,0,0.0
310398,2016-12-13,0,0.0
310398,2016-12-14,0,0.0
310398,2016-12-15,0,0.0
310398,2016-12-16,0,0.0
310398,2016-12-17,0,0
310398,2016-12-18,0,0
310398,2016-12-19,0,0.0
310398,2016-12-20,0,0.0
310398,2016-12-21,0,0.0
310398,2016-12-22,0,0.0
310398,2016-12-23,0,0.0
310398,2016-12-24,0,0
310398,2016-12-25,0,0
310398,2016-12-26,0,0.0
310398,2016-12-27,0,0.0
310398,2016-12-28,0,0.0
310398,2016-12-29,0,0.0
310398,2016-12-30,0,0.0
310398,2016-12-31,0,0.0
310398,2017-01-01,0,0
310398,2017-01-02,0,0
310398,2017-01-03,0,0.0
310398,2017-01-04,0,0.0
310398,2017-01-05,0,0.0
310398,2017-01-06,0,0.0
310398,2017-01-07,0,0
310398,2017-01-08,0,0
310398,2017-01-09,0,0.0
310398,2017-01-10,0,0.0
310398,2017-01-11,0,0.0
310398,2017-01-12,0,0.0
310398,2017-01-13,0,0.0
310398,2017-01-14,0,0
310398,2017-01-15,0,0
310398,2017-01-16,0,0.0
310398,2017-01-17,0,0.0
310398,2017-01-18,0,0.0
310398,2017-01-19,0,0.0
310398,2017-01-20,0,0.0
310398,2017-01-21,0,0
310398,2017-01-22,0,0
310398,2017-01-23,0,0.0
310398,2017-01-24,0,0.0
310398,2017-01-25,0,0.0
310398,2017-01-26,0,0.0
310398,2017-01-27,0,0
310398,2017-01-28,0,0
310398,2017-01-29,0,0
310398,2017-01-30,0,0
310398,2017-01-31,0,0
310398,2017-02-01,0,0
310398,2017-02-02,0,0
310398,2017-02-03,0,0.0
310398,2017-02-04,0,0
310398,2017-02-05,0,0
310398,2017-02-06,0,0.0
310398,2017-02-07,0,0.0
310398,2017-02-08,0,0.0
310398,2017-02-09,0,0.0
310398,2017-02-10,0,0.0
310398,2017-02-11,0,0
310398,2017-02-12,0,0
310398,2017-02-13,0,0.0
310398,2017-02-14,0,0.0
310398,2017-02-15,0,0.0
310398,2017-02-16,0,0.0
310398,2017-02-17,0,0.0
310398,2017-02-18,0,0
310398,2017-02-19,0,0
310398,2017-02-20,0,0.0
310398,2017-02-21,0,0.0
310398,2017-02-22,0,0.0
310398,2017-02-23,0,0.0
310398,2017-02-24,0,0.0
310398,2017-02-25,0,0
310398,2017-02-26,0,0
310398,2017-02-27,0,0.0
310398,2017-02-28,0,0.0
310398,2017-03-01,0,0.0
310398,2017-03-02,0,0.0
310398,2017-03-03,0,0.0
310398,2017-03-04,0,0
310398,2017-03-05,0,0
310398,2017-03-06,0,0.0
310398,2017-03-07,0,0.0
310398,2017-03-08,0,0.0
310398,2017-03-09,0,0.0
310398,2017-03-10,0,0.0
310398,2017-03-11,0,0
310398,2017-03-12,0,0
310398,2017-03-13,0,0.0
310398,2017-03-14,0,0.0
310398,2017-03-15,0,0.0
310398,2017-03-16,0,0.0
310398,2017-03-17,0,0.0
310398,2017-03-18,0,0
310398,2017-03-19,0,0
310398,2017-03-20,0,0.0
310398,2017-03-21,0,0.0
310398,2017-03-22,0,0.0
310398,2017-03-23,0,0.0
310398,2017-03-24,0,0.0
310398,2017-03-25,0,0
310398,2017-03-26,0,0
310398,2017-03-27,0,0.0
310398,2017-03-28,0,0.0
310398,2017-03-29,0,0.0
310398,2017-03-30,0,0.0
310398,2017-03-31,0,0.0
310398,2017-04-01,0,0
310398,2017-04-02,0,0
310398,2017-04-03,0,0
310398,2017-04-04,0,0
310398,2017-04-05,0,0.0
310398,2017-04-06,0,0.0
310398,2017-04-07,0,0.0
310398,2017-04-08,0,0
310398,2017-04-09,0,0
310398,2017-04-10,0,0.0
310398,2017-04-11,0,0.0
310398,2017-04-12,0,0.0
310398,2017-04-13,0,0.0
310398,2017-04-14,0,0.0
310398,2017-04-15,0,0
310398,2017-04-16,0,0
310398,2017-04-17,0,0.0
310398,2017-04-18,0,0.0
310398,2017-04-19,0,0.0
310398,2017-04-20,0,0.0
310398,2017-04-21,0,0.0
310398,2017-04-22,0,0
310398,2017-04-23,0,0
310398,2017-04-24,0,0.0
310398,2017-04-25,0,0.0
310398,2017-04-26,0,0.0
310398,2017-04-27,0,0.0
310398,2017-04-28,0,0.0
310398,2017-04-29,0,0
310398,2017-04-30,0,0
310398,2017-05-01,0,0
310398,2017-05-02,0,0.0
310398,2017-05-03,0,0.0
310398,2017-05-04,0,0.0
310398,2017-05-05,0,0.0
310398,2017-05-06,0,0
310398,2017-05-07,0,0
310398,2017-05-08,0,0.0
310398,2017-05-09,0,0.0
310398,2017-05-10,0,0.0
310398,2017-05-11,0,0.0
310398,2017-05-12,0,0.0
310398,2017-05-13,0,0
310398,2017-05-14,0,0
310398,2017-05-15,0,0.0
310398,2017-05-16,0,0.0
310398,2017-05-17,0,0.0
310398,2017-05-18,0,0.0
310398,2017-05-19,0,0.0
310398,2017-05-20,0,0
310398,2017-05-21,0,0
310398,2017-05-22,0,0.0
310398,2017-05-23,0,0.0
310398,2017-05-24,0,0.0
310398,2017-05-25,0,0.0
310398,2017-05-26,0,0.0
310398,2017-05-27,0,0
310398,2017-05-28,0,0
310398,2017-05-29,0,0
310398,2017-05-30,0,0
310398,2017-05-31,0,0.0
310398,2017-06-01,0,0.0
310398,2017-06-02,0,0.0
310398,2017-06-03,0,0
310398,2017-06-04,0,0
310398,2017-06-05,0,0.0
310398,2017-06-06,0,0.0
310398,2017-06-07,0,0.0
310398,2017-06-08,0,0.0
310398,2017-06-09,0,0.0
310398,2017-06-10,0,0
310398,2017-06-11,0,0
310398,2017-06-12,0,0.0
310398,2017-06-13,0,0.0
310398,2017-06-14,0,0.0
310398,2017-06-15,0,0.0
310398,2017-06-16,0,0.0
310398,2017-06-17,0,0
310398,2017-06-18,0,0
310398,2017-06-19,0,0.0
310398,2017-06-20,0,0.0
310398,2017-06-21,0,0.0
310398,2017-06-22,0,0.0
310398,2017-06-23,0,0.0
310398,2017-06-24,0,0
310398,2017-06-25,0,0
310398,2017-06-26,0,0.0
310398,2017-06-27,0,0.0
310398,2017-06-28,0,0.0
310398,2017-06-29,0,0.0
310398,2017-06-30,0,0.0
310398,2017-07-01,0,0
310398,2017-07-02,0,0
310398,2017-07-03,0,0.0
310398,2017-07-04,0,0.0
310398,2017-07-05,0,0.0
310398,2017-07-06,0,0.0
310398,2017-07-07,0,0.0
310398,2017-07-08,0,0
310398,2017-07-09,0,0
310398,2017-07-10,0,0.0
310398,2017-07-11,0,0.0
310398,2017-07-12,0,0.0
310398,2017-07-13,0,0.0
310398,2017-07-14,0,0.0
310398,2017-07-15,0,0
310398,2017-07-16,0,0
310398,2017-07-17,0,0.0
310398,2017-07-18,0,0.0
310398,2017-07-19,0,0.0
310398,2017-07-20,0,0.0
310398,2017-07-21,0,0.0
310398,2017-07-22,0,0
310398,2017-07-23,0,0
310398,2017-07-24,0,0.0
310398,2017-07-25,0,0.0
310398,2017-07-26,0,0.0
310398,2017-07-27,0,0.0
310398,2017-07-28,0,0.0
310398,2017-07-29,0,0
310398,2017-07-30,0,0
310398,2017-07-31,0,0.0
310398,2017-08-01,0,0.0
310398,2017-08-02,0,0.0
310398,2017-08-03,0,0.0
310398,2017-08-04,0,0.0
310398,2017-08-05,0,0
310398,2017-08-06,0,0
310398,2017-08-07,0,0.0
310398,2017-08-08,0,0.0
310398,2017-08-09,0,0.0
310398,2017-08-10,0,0.0
310398,2017-08-11,0,0.0
310398,2017-08-12,0,0
310398,2017-08-13,0,0
310398,2017-08-14,0,0.0
310398,2017-08-15,0,0.0
310398,2017-08-16,0,0.0
310398,2017-08-17,0,0.0
310398,2017-08-18,0,0.0
310398,2017-08-19,0,0
310398,2017-08-20,0,0
310398,2017-08-21,0,0.0
310398,2017-08-22,0,0.0
310398,2017-08-23,0,0.0
310398,2017-08-24,0,0.0
310398,2017-08-25,0,0.0
310398,2017-08-26,0,0
310398,2017-08-27,0,0
310398,2017-08-28,0,0.0
310398,2017-08-29,0,0.0
310398,2017-08-30,0,0.0
310398,2017-08-31,0,0.0
310398,2017-09-01,0,0.0
310398,2017-09-02,0,0
310398,2017-09-03,0,0
310398,2017-09-04,0,0.0
310398,2017-09-05,0,0.0
310398,2017-09-06,0,0.0
310398,2017-09-07,0,0.0
310398,2017-09-08,0,0.0
310398,2017-09-09,0,0
310398,2017-09-10,0,0
310398,2017-09-11,0,0.0
310398,2017-09-12,0,0.0
310398,2017-09-13,0,0.0
310398,2017-09-14,0,0.0
310398,2017-09-15,0,0.0
310398,2017-09-16,0,0
310398,2017-09-17,0,0
310398,2017-09-18,0,0.0
310398,2017-09-19,0,0.0
310398,2017-09-20,0,0.0
310398,2017-09-21,0,0.0
310398,2017-09-22,0,0.0
310398,2017-09-23,0,0
310398,2017-09-24,0,0
310398,2017-09-25,0,0.0
310398,2017-09-26,0,0.0
310398,2017-09-27,0,0.0
310398,2017-09-28,0,0.0
310398,2017-09-29,0,0.0
310398,2017-09-30,0,0
310398,2017-10-01,0,0
310398,2017-10-02,0,0
310398,2017-10-03,0,0
310398,2017-10-04,0,0
310398,2017-10-05,0,0
310398,2017-10-06,0,0
310398,2017-10-07,0,0
310398,2017-10-08,0,0
310398,2017-10-09,0,0.0
310398,2017-10-10,0,0.0
310398,2017-10-11,0,0.0
310398,2017-10-12,0,0.0
310398,2017-10-13,0,0.0
310398,2017-10-14,0,0
310398,2017-10-15,0,0
310398,2017-10-16,0,0.0
310398,2017-10-17,0,0.0
310398,2017-10-18,0,0.0
310398,2017-10-19,0,0.0
310398,2017-10-20,0,0.0
310398,2017-10-21,0,0
310398,2017-10-22,0,0
310398,2017-10-23,0,0.0
310398,2017-10-24,0,0.0
310398,2017-10-25,0,0.0
310398,2017-10-26,0,0.0
310398,2017-10-27,0,0.0
310398,2017-10-28,0,0
310398,2017-10-29,0,0
310398,2017-10-30,0,0.0
310398,2017-10-31,0,0.0
310398,2017-11-01,0,0.0
310398,2017-11-02,0,0.0
310398,2017-11-03,0,0.0
310398,2017-11-04,0,0
310398,2017-11-05,0,0
310398,2017-11-06,0,0.0
310398,2017-11-07,0,0.0
310398,2017-11-08,0,0.0
310398,2017-11-09,0,0.0
310398,2017-11-10,0,0.0
310398,2017-11-11,0,0
310398,2017-11-12,0,0
310398,2017-11-13,0,0.0
310398,2017-11-14,0,0.0
310398,2017-11-15,0,0.0
310398,2017-11-16,0,0.0
310398,2017-11-17,0,0.0
310398,2017-11-18,0,0
310398,2017-11-19,0,0
310398,2017-11-20,0,0.0
310398,2017-11-21,0,0.0
310398,2017-11-22,0,0.0
310398,2017-11-23,0,0.0
310398,2017-11-24,0,0.0
310398,2017-11-25,0,0
310398,2017-11-26,0,0
310398,2017-11-27,0,0.0
310398,2017-11-28,0,0.0
310398,2017-11-29,0,0.0
310398,2017-11-30,0,0.0
310398,2017-12-01,0,0.0
310398,2017-12-02,0,0
310398,2017-12-03,0,0
310398,2017-12-04,0,0.0
310398,2017-12-05,0,0.0
310398,2017-12-06,0,0.0
310398,2017-12-07,0,0.0
310398,2017-12-08,0,0.0
310398,2017-12-09,0,0
310398,2017-12-10,0,0
310398,2017-12-11,0,0.0
310398,2017-12-12,0,0.0
310398,2017-12-13,0,0.0
310398,2017-12-14,0,0.0
310398,2017-12-15,0,0.0
310398,2017-12-16,0,0
310398,2017-12-17,0,0
310398,2017-12-18,0,0.0
310398,2017-12-19,0,0.0
310398,2017-12-20,0,0.0
310398,2017-12-21,0,0.0
310398,2017-12-22,0,0.0
310398,2017-12-23,0,0
310398,2017-12-24,0,0
310398,2017-12-25,0,0.0
310398,2017-12-26,0,0.0
310398,2017-12-27,0,0.0
310398,2017-12-28,0,0.0
310398,2017-12-29,0,0.0
310398,2017-12-30,0,0
310398,2017-12-31,0,0.0
310398,2018-01-01,0,0
310398,2018-01-02,0,0.0
310398,2018-01-03,0,0.0
310398,2018-01-04,0,0.0
310398,2018-01-05,0,0.0
310398,2018-01-06,0,0
310398,2018-01-07,0,0
310398,2018-01-08,0,0.0
310398,2018-01-09,0,0.0
310398,2018-01-10,0,0.0
310398,2018-01-11,0,0.0
310398,2018-01-12,0,0.0
310398,2018-01-13,0,0
310398,2018-01-14,0,0
310398,2018-01-15,0,0.0
310398,2018-01-16,0,0.0
310398,2018-01-17,0,0.0
310398,2018-01-18,0,0.0
310398,2018-01-19,0,0.0
310398,2018-01-20,0,0
310398,2018-01-21,0,0
310398,2018-01-22,0,0.0
310398,2018-01-23,0,0.0
310398,2018-01-24,0,0.0
310398,2018-01-25,0,0.0
310398,2018-01-26,0,0.0
310398,2018-01-27,0,0
310398,2018-01-28,0,0
310398,2018-01-29,0,0.0
310398,2018-01-30,0,0.0
310398,2018-01-31,0,0.0
310398,2018-02-01,0,0.0
310398,2018-02-02,0,0.0
310398,2018-02-03,0,0
310398,2018-02-04,0,0
310398,2018-02-05,0,0.0
310398,2018-02-06,0,0.0
310398,2018-02-07,0,0.0
310398,2018-02-08,0,0.0
310398,2018-02-09,0,0.0
310398,2018-02-10,0,0
310398,2018-02-11,0,0
310398,2018-02-12,0,0.0
310398,2018-02-13,0,0.0
310398,2018-02-14,0,0.0
310398,2018-02-15,0,0
310398,2018-02-16,0,0
310398,2018-02-17,0,0
310398,2018-02-18,0,0
310398,2018-02-19,0,0
310398,2018-02-20,0,0
310398,2018-02-21,0,0
310398,2018-02-22,0,0.0
310398,2018-02-23,0,0.0
310398,2018-02-24,0,0
310398,2018-02-25,0,0
310398,2018-02-26,0,0.0
310398,2018-02-27,0,0.0
310398,2018-02-28,0,0.0
310398,2018-03-01,0,0.0
310398,2018-03-02,0,0.0
310398,2018-03-03,0,0
310398,2018-03-04,0,0
310398,2018-03-05,0,0.0
310398,2018-03-06,0,0.0
310398,2018-03-07,0,0.0
310398,2018-03-08,0,0.0
310398,2018-03-09,0,0.0
310398,2018-03-10,0,0
310398,2018-03-11,0,0
310398,2018-03-12,0,0.0
310398,2018-03-13,0,0.0
310398,2018-03-14,0,0.0
310398,2018-03-15,0,0.0
310398,2018-03-16,0,0.0
310398,2018-03-17,0,0
310398,2018-03-18,0,0
310398,2018-03-19,0,0.0
310398,2018-03-20,0,0.0
310398,2018-03-21,0,0.0
310398,2018-03-22,0,0.0
310398,2018-03-23,0,0.0
310398,2018-03-24,0,0
310398,2018-03-25,0,0
310398,2018-03-26,0,0.0
310398,2018-03-27,0,0.0
310398,2018-03-28,0,0.0
310398,2018-03-29,0,0.0
310398,2018-03-30,0,0.0
310398,2018-03-31,0,0
310398,2018-04-01,0,0
310398,2018-04-02,0,0.0
310398,2018-04-03,0,0.0
310398,2018-04-04,0,0.0
310398,2018-04-05,0,0
310398,2018-04-06,0,0
310398,2018-04-07,0,0
310398,2018-04-08,0,0
310398,2018-04-09,0,0.0
310398,2018-04-10,0,0.0
310398,2018-04-11,0,0.0
310398,2018-04-12,0,0.0
310398,2018-04-13,0,0.0
310398,2018-04-14,0,0
310398,2018-04-15,0,0
310398,2018-04-16,0,0.0
310398,2018-04-17,0,0.0
310398,2018-04-18,0,0.0
310398,2018-04-19,0,0.0
310398,2018-04-20,0,0.0
310398,2018-04-21,0,0
310398,2018-04-22,0,0
310398,2018-04-23,0,0.0
310398,2018-04-24,0,0.0
310398,2018-04-25,0,0.0
310398,2018-04-26,0,0.0
310398,2018-04-27,0,0.0
310398,2018-04-28,0,0
310398,2018-04-29,0,0
310398,2018-04-30,0,0
310398,2018-05-01,0,0
310398,2018-05-02,0,0.0
310398,2018-05-03,0,0.0
310398,2018-05-04,0,0.0
310398,2018-05-05,0,0
310398,2018-05-06,0,0
310398,2018-05-07,0,0.0
310398,2018-05-08,0,0.0
310398,2018-05-09,0,0.0
310398,2018-05-10,0,0.0
310398,2018-05-11,0,0.0
310398,2018-05-12,0,0
310398,2018-05-13,0,0
310398,2018-05-14,0,0.0
310398,2018-05-15,0,0.0
310398,2018-05-16,0,0.0
310398,2018-05-17,0,0.0
310398,2018-05-18,0,0.0
310398,2018-05-19,0,0
310398,2018-05-20,0,0
310398,2018-05-21,0,0.0
310398,2018-05-22,0,0.0
310398,2018-05-23,0,0.0
310398,2018-05-24,0,0.0
310398,2018-05-25,0,0.0
310398,2018-05-26,0,0
310398,2018-05-27,0,0
310398,2018-05-28,0,0.0
310398,2018-05-29,0,0.0
310398,2018-05-30,0,0.0
310398,2018-05-31,0,0.0
310398,2018-06-01,0,0.0
310398,2018-06-02,0,0
310398,2018-06-03,0,0
310398,2018-06-04,0,0.0
310398,2018-06-05,0,0.0
310398,2018-06-06,0,0.0
310398,2018-06-07,0,0.0
310398,2018-06-08,0,0.0
310398,2018-06-09,0,0
310398,2018-06-10,0,0
310398,2018-06-11,0,0.0
310398,2018-06-12,0,0.0
310398,2018-06-13,0,0.0
310398,2018-06-14,0,0.0
310398,2018-06-15,0,0.0
310398,2018-06-16,0,0
310398,2018-06-17,0,0
310398,2018-06-18,0,0
310398,2018-06-19,0,0.0
310398,2018-06-20,0,0.0
310398,2018-06-21,0,0.0
310398,2018-06-22,0,0.0
310398,2018-06-23,0,0
310398,2018-06-24,0,0
310398,2018-06-25,0,0.0
310398,2018-06-26,0,0.0
310398,2018-06-27,0,0.0
310398,2018-06-28,0,0.0
310398,2018-06-29,0,0.0
310398,2018-06-30,0,0.0
310398,2018-07-01,0,0
310398,2018-07-02,0,0.0
310398,2018-07-03,0,0.0
310398,2018-07-04,0,0.0
310398,2018-07-05,0,0.0
310398,2018-07-06,0,0.0
310398,2018-07-07,0,0
310398,2018-07-08,0,0
310398,2018-07-09,0,0.0
310398,2018-07-10,0,0.0
310398,2018-07-11,0,0.0
310398,2018-07-12,0,0.0
310398,2018-07-13,0,0.0
310398,2018-07-14,0,0
310398,2018-07-15,0,0
310398,2018-07-16,0,0.0
310398,2018-07-17,0,0.0
310398,2018-07-18,0,0.0
310398,2018-07-19,0,0.0
310398,2018-07-20,0,0.0
310398,2018-07-21,0,0
310398,2018-07-22,0,0
310398,2018-07-23,0,0.0
310398,2018-07-24,0,0.0
310398,2018-07-25,0,0.0
310398,2018-07-26,0,0.0
310398,2018-07-27,0,0.0
310398,2018-07-28,0,0
310398,2018-07-29,0,0
310398,2018-07-30,0,0.0
310398,2018-07-31,0,0.0
310398,2018-08-01,0,0.0
310398,2018-08-02,0,0.0
310398,2018-08-03,0,0.0
310398,2018-08-04,0,0
310398,2018-08-05,0,0
310398,2018-08-06,0,0.0
310398,2018-08-07,0,0.0
310398,2018-08-08,0,0.0
310398,2018-08-09,0,0.0
310398,2018-08-10,0,0.0
310398,2018-08-11,0,0
310398,2018-08-12,0,0
310398,2018-08-13,0,0.0
310398,2018-08-14,0,0.0
310398,2018-08-15,0,0.0
310398,2018-08-16,0,0.0
310398,2018-08-17,152,105.82
310398,2018-08-18,0,0
310398,2018-08-19,0,0
310398,2018-08-20,0,0.0
310398,2018-08-21,0,0.0
310398,2018-08-22,0,0.0
310398,2018-08-23,0,0.0
310398,2018-08-24,0,0.0
310398,2018-08-25,0,0
310398,2018-08-26,0,0
310398,2018-08-27,0,0.0
310398,2018-08-28,0,0.0
310398,2018-08-29,0,0.0
310398,2018-08-30,0,0.0
310398,2018-08-31,128,85.49
310398,2018-09-01,0,0
310398,2018-09-02,0,0
310398,2018-09-03,131,87.84
310398,2018-09-04,0,0.0
310398,2018-09-05,139,94.07
310398,2018-09-06,146,99.69
310398,2018-09-07,140,94.94
310398,2018-09-08,0,0
310398,2018-09-09,0,0
310398,2018-09-10,145,98.97
310398,2018-09-11,151,103.77
310398,2018-09-12,154,106.15
310398,2018-09-13,141,95.93
310398,2018-09-14,138,93.53
310398,2018-09-15,0,0
310398,2018-09-16,0,0
310398,2018-09-17,147,100.66
310398,2018-09-18,132,88.72
310398,2018-09-19,0,0.0
310398,2018-09-20,0,0.0
310398,2018-09-21,0,0.0
310398,2018-09-22,0,0
310398,2018-09-23,0,0
310398,2018-09-24,0,0
310398,2018-09-25,0,0.0
310398,2018-09-26,0,0.0
310398,2018-09-27,0,0.0
310398,2018-09-28,0,0.0
310398,2018-09-29,0,0
310398,2018-09-30,0,0
310398,2018-10-01,0,0
310398,2018-10-02,0,0
310398,2018-10-03,0,0
310398,2018-10-04,0,0
310398,2018-10-05,0,0
310398,2018-10-06,0,0
310398,2018-10-07,0,0
310398,2018-10-08,0,0.0
310398,2018-10-09,0,0.0
310398,2018-10-10,0,0.0
310398,2018-10-11,156,108.15
310398,2018-10-12,138,93.89
310398,2018-10-13,0,0
310398,2018-10-14,0,0
310398,2018-10-15,152,105.04
310398,2018-10-16,152,105.12
310398,2018-10-17,145,99.51
310398,2018-10-18,168,117.99
310398,2018-10-19,142,96.99
310398,2018-10-20,0,0
310398,2018-10-21,0,0
310398,2018-10-22,0,0.0
310398,2018-10-23,138,93.74
310398,2018-10-24,131,88.26
310398,2018-10-25,0,0.0
310398,2018-10-26,0,0.0
310398,2018-10-27,0,0
310398,2018-10-28,0,0
310398,2018-10-29,149,102.61
310398,2018-10-30,140,95.25
310398,2018-10-31,136,91.59
310398,2018-11-01,136,91.42
310398,2018-11-02,118,77.31
310398,2018-11-03,0,0
310398,2018-11-04,0,0
310398,2018-11-05,124,81.92
310398,2018-11-06,127,84.26
310398,2018-11-07,131,87.36
310398,2018-11-08,129,85.87
310398,2018-11-09,147,99.84
310398,2018-11-10,0,0
310398,2018-11-11,0,0
310398,2018-11-12,141,95.12
310398,2018-11-13,137,91.91
310398,2018-11-14,145,98.09
310398,2018-11-15,138,92.53
310398,2018-11-16,136,91.04
310398,2018-11-17,0,0
310398,2018-11-18,0,0
310398,2018-11-19,127,84.1
310398,2018-11-20,140,94.31
310398,2018-11-21,140,94.21
310398,2018-11-22,143,96.65
310398,2018-11-23,156,107.11
310398,2018-11-24,0,0
310398,2018-11-25,0,0
310398,2018-11-26,154,105.5
310398,2018-11-27,157,108.01
310398,2018-11-28,149,101.54
310398,2018-11-29,157,107.97
310398,2018-11-30,150,102.43
310398,2018-12-01,0,0
310398,2018-12-02,0,0
310398,2018-12-03,133,88.98
310398,2018-12-04,131,87.5
310398,2018-12-05,136,91.41
310398,2018-12-06,148,100.96
310398,2018-12-07,147,100.14
310398,2018-12-08,0,0
310398,2018-12-09,0,0
310398,2018-12-10,155,106.71
310398,2018-12-11,153,105.06
310398,2018-12-12,149,101.87
310398,2018-12-13,137,92.38
310398,2018-12-14,147,100.39
310398,2018-12-15,0,0
310398,2018-12-16,0,0
310398,2018-12-17,145,98.81
310398,2018-12-18,155,106.74
310398,2018-12-19,162,112.41
310398,2018-12-20,174,122.3
310398,2018-12-21,184,130.58
310398,2018-12-22,0,0
310398,2018-12-23,0,0
310398,2018-12-24,184,130.77
310398,2018-12-25,189,135.05
310398,2018-12-26,192,137.71
310398,2018-12-27,194,139.39
310398,2018-12-28,189,135.24
310398,2018-12-29,0,0
310398,2018-12-30,0,0
310398,2018-12-31,189,135.24
310398,2019-01-01,0,0
310398,2019-01-02,206,149.54
310398,2019-01-03,201,145.38
310398,2019-01-04,181,128.71
310398,2019-01-05,0,0
310398,2019-01-06,0,0
310398,2019-01-07,179,127.09
310398,2019-01-08,182,129.62
310398,2019-01-09,172,121.34
310398,2019-01-10,175,123.81
310398,2019-01-11,167,117.28
310398,2019-01-12,0,0
310398,2019-01-13,0,0
310398,2019-01-14,174,123.12
310398,2019-01-15,162,113.26
310398,2019-01-16,159,110.9
310398,2019-01-17,162,113.39
310398,2019-01-18,146,100.52
310398,2019-01-19,0,0
310398,2019-01-20,0,0
310398,2019-01-21,141,96.64
310398,2019-01-22,149,103.1
310398,2019-01-23,148,102.43
310398,2019-01-24,143,98.46
310398,2019-01-25,133,90.51
310398,2019-01-26,0,0
310398,2019-01-27,0,0
310398,2019-01-28,131,89.06
310398,2019-01-29,125,84.41
310398,2019-01-30,128,86.79
310398,2019-01-31,117,78.29
310398,2019-02-01,114,75.96
310398,2019-02-02,0,0
310398,2019-02-03,0,0
310398,2019-02-04,0,0
310398,2019-02-05,0,0
310398,2019-02-06,0,0
310398,2019-02-07,0,0
310398,2019-02-08,0,0
310398,2019-02-09,0,0
310398,2019-02-10,0,0
310398,2019-02-11,109,72.21
310398,2019-02-12,107,70.64
310398,2019-02-13,0,0.0
310398,2019-02-14,0,0.0
310398,2019-02-15,113,75.32
310398,2019-02-16,0,0
310398,2019-02-17,0,0
310398,2019-02-18,0,0.0
310398,2019-02-19,0,0.0
310398,2019-02-20,0,0.0
310398,2019-02-21,0,0.0
310398,2019-02-22,0,0.0
310398,2019-02-23,0,0
310398,2019-02-24,0,0
310398,2019-02-25,0,0.0
310398,2019-02-26,0,0.0
310398,2019-02-27,0,0.0
310398,2019-02-28,0,0.0
310398,2019-03-01,0,0.0
310398,2019-03-02,0,0
310398,2019-03-03,0,0
310398,2019-03-04,0,0.0
310398,2019-03-05,0,0.0
310398,2019-03-06,0,0.0
310398,2019-03-07,0,0.0
310398,2019-03-08,0,0.0
310398,2019-03-09,0,0
310398,2019-03-10,0,0
310398,2019-03-11,0,0.0
310398,2019-03-12,0,0.0
310398,2019-03-13,0,0.0
310398,2019-03-14,0,0.0
310398,2019-03-15,0,0.0
310398,2019-03-16,0,0
310398,2019-03-17,0,0
310398,2019-03-18,0,0.0
310398,2019-03-19,0,0.0
310398,2019-03-20,0,0.0
310398,2019-03-21,0,0.0
310398,2019-03-22,0,0.0
310398,2019-03-23,0,0
310398,2019-03-24,0,0
310398,2019-03-25,0,0.0
310398,2019-03-26,0,0.0
310398,2019-03-27,0,0.0
310398,2019-03-28,0,0.0
310398,2019-03-29,0,0.0
310398,2019-03-30,0,0
310398,2019-03-31,0,0
310398,2019-04-01,0,0.0
310398,2019-04-02,0,0.0
310398,2019-04-03,0,0.0
310398,2019-04-04,0,0.0
310398,2019-04-05,0,0
310398,2019-04-06,0,0
310398,2019-04-07,0,0
310398,2019-04-08,0,0.0
310398,2019-04-09,0,0.0
310398,2019-04-10,0,0.0
310398,2019-04-11,0,0.0
310398,2019-04-12,0,0.0
310398,2019-04-13,0,0
310398,2019-04-14,0,0
310398,2019-04-15,0,0.0
310398,2019-04-16,0,0.0
310398,2019-04-17,0,0.0
310398,2019-04-18,0,0.0
310398,2019-04-19,0,0.0
310398,2019-04-20,0,0
310398,2019-04-21,0,0
310398,2019-04-22,0,0.0
310398,2019-04-23,0,0.0
310398,2019-04-24,0,0.0
310398,2019-04-25,0,0.0
310398,2019-04-26,0,0.0
310398,2019-04-27,0,0
310398,2019-04-28,0,0
310398,2019-04-29,0,0.0
310398,2019-04-30,0,0.0
310398,2019-05-01,0,0
310398,2019-05-02,0,0
310398,2019-05-03,0,0
310398,2019-05-04,0,0
310398,2019-05-05,0,0
310398,2019-05-06,0,0.0
310398,2019-05-07,0,0.0
310398,2019-05-08,0,0.0
310398,2019-05-09,0,0.0
310398,2019-05-10,0,0.0
310398,2019-05-11,0,0
310398,2019-05-12,0,0
310398,2019-05-13,0,0.0
310398,2019-05-14,0,0.0
310398,2019-05-15,0,0.0
310398,2019-05-16,0,0.0
310398,2019-05-17,0,0.0
310398,2019-05-18,0,0
310398,2019-05-19,0,0
310398,2019-05-20,0,0.0
310398,2019-05-21,0,0.0
310398,2019-05-22,0,0.0
310398,2019-05-23,0,0.0
310398,2019-05-24,0,0.0
310398,2019-05-25,0,0
310398,2019-05-26,0,0
310398,2019-05-27,0,0.0
310398,2019-05-28,0,0.0
310398,2019-05-29,0,0.0
310398,2019-05-30,0,0.0
310398,2019-05-31,0,0.0
310398,2019-06-01,0,0
310398,2019-06-02,0,0
310398,2019-06-03,0,0.0
310398,2019-06-04,0,0.0
310398,2019-06-05,0,0.0
310398,2019-06-06,0,0.0
310398,2019-06-07,0,0
310398,2019-06-08,0,0
310398,2019-06-09,0,0
310398,2019-06-10,0,0.0
310398,2019-06-11,0,0.0
310398,2019-06-12,0,0.0
310398,2019-06-13,0,0.0
310398,2019-06-14,0,0.0
310398,2019-06-15,0,0
310398,2019-06-16,0,0
310398,2019-06-17,0,0.0
310398,2019-06-18,0,0.0
310398,2019-06-19,0,0.0
310398,2019-06-20,0,0.0
310398,2019-06-21,0,0.0
310398,2019-06-22,0,0
310398,2019-06-23,0,0
310398,2019-06-24,0,0.0
310398,2019-06-25,0,0.0
310398,2019-06-26,0,0.0
310398,2019-06-27,0,0.0
310398,2019-06-28,0,0.0
310398,2019-06-29,0,0
310398,2019-06-30,0,0.0
310398,2019-07-01,0,0.0
310398,2019-07-02,0,0.0
310398,2019-07-03,0,0.0
310398,2019-07-04,0,0.0
310398,2019-07-05,0,0.0
310398,2019-07-06,0,0
310398,2019-07-07,0,0
310398,2019-07-08,0,0.0
310398,2019-07-09,0,0.0
310398,2019-07-10,0,0.0
310398,2019-07-11,0,0.0
310398,2019-07-12,0,0.0
310398,2019-07-13,0,0
310398,2019-07-14,0,0
310398,2019-07-15,0,0.0
310398,2019-07-16,0,0.0
310398,2019-07-17,0,0.0
310398,2019-07-18,0,0.0
310398,2019-07-19,0,0.0
310398,2019-07-20,0,0
310398,2019-07-21,0,0
310398,2019-07-22,0,0.0
310398,2019-07-23,0,0.0
310398,2019-07-24,0,0.0
310398,2019-07-25,0,0.0
310398,2019-07-26,0,0.0
310398,2019-07-27,0,0
310398,2019-07-28,0,0
310398,2019-07-29,0,0.0
310398,2019-07-30,0,0.0
310398,2019-07-31,0,0.0
310398,2019-08-01,0,0.0
310398,2019-08-02,0,0.0
310398,2019-08-03,0,0
310398,2019-08-04,0,0
310398,2019-08-05,0,0.0
310398,2019-08-06,0,0.0
310398,2019-08-07,0,0.0
310398,2019-08-08,0,0.0
310398,2019-08-09,0,0.0
310398,2019-08-10,0,0
310398,2019-08-11,0,0
310398,2019-08-12,0,0.0
310398,2019-08-13,0,0.0
310398,2019-08-14,0,0.0
310398,2019-08-15,0,0.0
310398,2019-08-16,0,0.0
310398,2019-08-17,0,0
310398,2019-08-18,0,0
310398,2019-08-19,0,0.0
310398,2019-08-20,0,0.0
310398,2019-08-21,0,0.0
310398,2019-08-22,0,0.0
310398,2019-08-23,0,0.0
310398,2019-08-24,0,0
310398,2019-08-25,0,0
310398,2019-08-26,0,0.0
310398,2019-08-27,0,0.0
310398,2019-08-28,0,0.0
310398,2019-08-29,0,0.0
310398,2019-08-30,0,0.0
310398,2019-08-31,0,0
310398,2019-09-01,0,0
310398,2019-09-02,0,0.0
310398,2019-09-03,0,0.0
310398,2019-09-04,0,0.0
310398,2019-09-05,0,0.0
310398,2019-09-06,0,0.0
310398,2019-09-07,0,0
310398,2019-09-08,0,0
310398,2019-09-09,0,0.0
310398,2019-09-10,0,0.0
310398,2019-09-11,0,0.0
310398,2019-09-12,0,0.0
310398,2019-09-13,0,0
310398,2019-09-14,0,0
310398,2019-09-15,0,0
310398,2019-09-16,0,0.0
310398,2019-09-17,0,0.0
310398,2019-09-18,0,0.0
310398,2019-09-19,0,0.0
310398,2019-09-20,0,0.0
310398,2019-09-21,0,0
310398,2019-09-22,0,0
310398,2019-09-23,0,0.0
310398,2019-09-24,0,0.0
310398,2019-09-25,0,0.0
310398,2019-09-26,0,0.0
310398,2019-09-27,0,0.0
310398,2019-09-28,0,0
310398,2019-09-29,0,0
310398,2019-09-30,0,0.0
310398,2019-10-01,0,0
310398,2019-10-02,0,0
310398,2019-10-03,0,0
310398,2019-10-04,0,0
310398,2019-10-05,0,0
310398,2019-10-06,0,0
310398,2019-10-07,0,0
310398,2019-10-08,0,0.0
310398,2019-10-09,0,0.0
310398,2019-10-10,0,0.0
310398,2019-10-11,0,0.0
310398,2019-10-12,0,0
310398,2019-10-13,0,0
310398,2019-10-14,0,0.0
310398,2019-10-15,0,0.0
310398,2019-10-16,0,0.0
310398,2019-10-17,0,0.0
310398,2019-10-18,0,0.0
310398,2019-10-19,0,0
310398,2019-10-20,0,0
310398,2019-10-21,0,0.0
310398,2019-10-22,0,0.0
310398,2019-10-23,0,0.0
310398,2019-10-24,0,0.0
310398,2019-10-25,0,0.0
310398,2019-10-26,0,0
310398,2019-10-27,0,0
310398,2019-10-28,0,0.0
310398,2019-10-29,0,0.0
310398,2019-10-30,0,0.0
310398,2019-10-31,0,0.0
310398,2019-11-01,0,0.0
310398,2019-11-02,0,0
310398,2019-11-03,0,0
310398,2019-11-04,0,0.0
310398,2019-11-05,0,0.0
310398,2019-11-06,0,0.0
310398,2019-11-07,0,0.0
310398,2019-11-08,0,0.0
310398,2019-11-09,0,0
310398,2019-11-10,0,0
310398,2019-11-11,0,0.0
310398,2019-11-12,0,0.0
310398,2019-11-13,0,0.0
310398,2019-11-14,0,0.0
310398,2019-11-15,0,0.0
310398,2019-11-16,0,0
310398,2019-11-17,0,0
310398,2019-11-18,0,0.0
310398,2019-11-19,0,0.0
310398,2019-11-20,0,0.0
310398,2019-11-21,0,0.0
310398,2019-11-22,0,0.0
310398,2019-11-23,0,0
310398,2019-11-24,0,0
310398,2019-11-25,0,0.0
310398,2019-11-26,0,0.0
310398,2019-11-27,0,0.0
310398,2019-11-28,0,0.0
310398,2019-11-29,0,0.0
310398,2019-11-30,0,0
310398,2019-12-01,0,0
310398,2019-12-02,0,0.0
310398,2019-12-03,0,0.0
310398,2019-12-04,0,0.0
310398,2019-12-05,0,0.0
310398,2019-12-06,0,0.0
310398,2019-12-07,0,0
310398,2019-12-08,0,0
310398,2019-12-09,0,0.0
310398,2019-12-10,0,0.0
310398,2019-12-11,0,0.0
310398,2019-12-12,0,0.0
310398,2019-12-13,0,0.0
310398,2019-12-14,0,0
310398,2019-12-15,0,0
310398,2019-12-16,0,0.0
310398,2019-12-17,0,0.0
310398,2019-12-18,0,0.0
310398,2019-12-19,0,0.0
310398,2019-12-20,0,0.0
310398,2019-12-21,0,0
310398,2019-12-22,0,0
310398,2019-12-23,0,0.0
310398,2019-12-24,0,0.0
310398,2019-12-25,0,0.0
310398,2019-12-26,0,0.0
310398,2019-12-27,0,0.0
310398,2019-12-28,0,0
310398,2019-12-29,0,0
310398,2019-12-30,0,0.0
310398,2019-12-31,0,0.0
310398,2020-01-01,0,0
310398,2020-01-02,0,0.0
310398,2020-01-03,0,0.0
310398,2020-01-04,0,0
310398,2020-01-05,0,0
310398,2020-01-06,0,0.0
310398,2020-01-07,0,0.0
310398,2020-01-08,0,0.0
310398,2020-01-09,0,0.0
310398,2020-01-10,0,0.0
310398,2020-01-11,0,0
310398,2020-01-12,0,0
310398,2020-01-13,0,0.0
310398,2020-01-14,0,0.0
310398,2020-01-15,0,0.0
310398,2020-01-16,0,0.0
310398,2020-01-17,0,0.0
310398,2020-01-18,0,0
310398,2020-01-19,0,0
310398,2020-01-20,0,0.0
310398,2020-01-21,0,0.0
310398,2020-01-22,0,0.0
310398,2020-01-23,0,0.0
310398,2020-01-24,0,0
310398,2020-01-25,0,0
310398,2020-01-26,0,0
310398,2020-01-27,0,0
310398,2020-01-28,0,0
310398,2020-01-29,0,0
310398,2020-01-30,0,0
310398,2020-01-31,0,0
310398,2020-02-01,0,0
310398,2020-02-02,0,0
310398,2020-02-03,164,103.86
310398,2020-02-04,147,91.5
310398,2020-02-05,144,89.35
310398,2020-02-06,137,84.31
310398,2020-02-07,138,85.04
310398,2020-02-08,0,0
310398,2020-02-09,0,0
310398,2020-02-10,136,83.57
310398,2020-02-11,130,79.32
310398,2020-02-12,129,78.58
310398,2020-02-13,132,80.61
310398,2020-02-14,127,77.07
310398,2020-02-15,0,0
310398,2020-02-16,0,0
310398,2020-02-17,117,70.09
310398,2020-02-18,122,73.56
310398,2020-02-19,122,73.6
310398,2020-02-20,0,0.0
310398,2020-02-21,0,0.0
310398,2020-02-22,0,0
310398,2020-02-23,0,0
310398,2020-02-24,121,72.81
310398,2020-02-25,126,76.31
310398,2020-02-26,123,74.18
310398,2020-02-27,121,72.74
310398,2020-02-28,137,83.98
310398,2020-02-29,0,0
310398,2020-03-01,0,0
310398,2020-03-02,118,70.59
310398,2020-03-03,118,70.63
310398,2020-03-04,0,0.0
310398,2020-03-05,0,0.0
310398,2020-03-06,0,0.0
310398,2020-03-07,0,0
310398,2020-03-08,0,0
310398,2020-03-09,130,79.02
310398,2020-03-10,121,72.7
310398,2020-03-11,128,77.59
310398,2020-03-12,136,83.29
310398,2020-03-13,146,90.45
310398,2020-03-14,0,0
310398,2020-03-15,0,0
310398,2020-03-16,168,106.69
310398,2020-03-17,171,108.93
310398,2020-03-18,190,123.06
310398,2020-03-19,214,141.24
310398,2020-03-20,195,126.85
310398,2020-03-21,0,0
310398,2020-03-22,0,0
310398,2020-03-23,224,149.05
310398,2020-03-24,196,127.77
310398,2020-03-25,176,112.69
310398,2020-03-26,180,115.69
310398,2020-03-27,175,111.94
310398,2020-03-28,0,0
310398,2020-03-29,0,0
310398,2020-03-30,180,115.55
310398,2020-03-31,187,120.65
310398,2020-04-01,188,121.45
310398,2020-04-02,180,115.53
310398,2020-04-03,186,120.01
310398,2020-04-04,0,0
310398,2020-04-05,0,0
310398,2020-04-06,0,0
310398,2020-04-07,173,110.39
310398,2020-04-08,177,113.39
310398,2020-04-09,177,113.38
310398,2020-04-10,178,114.06
310398,2020-04-11,0,0
310398,2020-04-12,0,0
310398,2020-04-13,179,114.8
310398,2020-04-14,169,107.4
310398,2020-04-15,175,112.01
310398,2020-04-16,176,112.68
310398,2020-04-17,167,106.14
310398,2020-04-18,0,0
310398,2020-04-19,0,0
310398,2020-04-20,167,106.17
310398,2020-04-21,175,112.06
310398,2020-04-22,174,111.26
310398,2020-04-23,176,112.77
310398,2020-04-24,179,115.3
310398,2020-04-25,0,0
310398,2020-04-26,0,0
310398,2020-04-27,171,109.38
310398,2020-04-28,169,107.9
310398,2020-04-29,155,97.77
310398,2020-04-30,138,86.55
310398,2020-05-01,0,0
310398,2020-05-02,0,0
310398,2020-05-03,0,0
310398,2020-05-04,0,0
310398,2020-05-05,0,0
310398,2020-05-06,142,89.42
310398,2020-05-07,145,91.66
310398,2020-05-08,138,86.47
310398,2020-05-09,0,0
310398,2020-05-10,0,0
310398,2020-05-11,136,84.96
310398,2020-05-12,139,87.22
310398,2020-05-13,140,87.95
310398,2020-05-14,148,93.81
310398,2020-05-15,150,95.21
310398,2020-05-16,0,0
310398,2020-05-17,0,0
310398,2020-05-18,149,94.51
310398,2020-05-19,144,90.89
310398,2020-05-20,145,91.64
310398,2020-05-21,149,94.62
310398,2020-05-22,164,105.81
310398,2020-05-23,0,0
310398,2020-05-24,0,0
310398,2020-05-25,163,105.06
310398,2020-05-26,158,101.31
310398,2020-05-27,158,101.34
310398,2020-05-28,152,96.87
310398,2020-05-29,156,99.81
310398,2020-05-30,0,0
310398,2020-05-31,0,0
310398,2020-06-01,144,90.87
310398,2020-06-02,137,85.81
310398,2020-06-03,137,85.78
310398,2020-06-04,139,87.22
310398,2020-06-05,138,86.51
310398,2020-06-06,0,0
310398,2020-06-07,0,0
310398,2020-06-08,132,82.2
310398,2020-06-09,131,81.42
310398,2020-06-10,135,84.33
310398,2020-06-11,144,90.83
310398,2020-06-12,145,91.62
310398,2020-06-13,0,0
310398,2020-06-14,0,0
310398,2020-06-15,160,102.19
310398,2020-06-16,151,95.55
310398,2020-06-17,152,96.26
310398,2020-06-18,149,93.96
310398,2020-06-19,145,91.07
310398,2020-06-20,0,0
310398,2020-06-21,0,0
310398,2020-06-22,148,93.26
310398,2020-06-23,151,95.44
310398,2020-06-24,144,90.34
310398,2020-06-25,0,0
310398,2020-06-26,0,0
310398,2020-06-27,0,0
310398,2020-06-28,0,0
310398,2020-06-29,149,94.11
310398,2020-06-30,147,92.41
310398,2020-07-01,131,80.78
310398,2020-07-02,0,0.0
310398,2020-07-03,0,0.0
310398,2020-07-04,0,0
310398,2020-07-05,0,0
310398,2020-07-06,0,0.0
310398,2020-07-07,0,0.0
310398,2020-07-08,0,0.0
310398,2020-07-09,0,0.0
310398,2020-07-10,0,0.0
310398,2020-07-11,0,0
310398,2020-07-12,0,0
310398,2020-07-13,0,0.0
310398,2020-07-14,0,0.0
310398,2020-07-15,0,0.0
310398,2020-07-16,0,0.0
310398,2020-07-17,0,0.0
310398,2020-07-18,0,0
310398,2020-07-19,0,0
310398,2020-07-20,0,0.0
310398,2020-07-21,0,0.0
310398,2020-07-22,0,0.0
310398,2020-07-23,0,0.0
310398,2020-07-24,0,0.0
310398,2020-07-25,0,0
310398,2020-07-26,0,0
310398,2020-07-27,0,0.0
310398,2020-07-28,0,0.0
310398,2020-07-29,0,0.0
310398,2020-07-30,0,0.0
310398,2020-07-31,0,0.0
310398,2020-08-01,0,0
310398,2020-08-02,0,0
310398,2020-08-03,0,0.0
310398,2020-08-04,0,0.0
310398,2020-08-05,0,0.0
310398,2020-08-06,0,0.0
310398,2020-08-07,0,0.0
310398,2020-08-08,0,0
310398,2020-08-09,0,0
310398,2020-08-10,0,0.0
310398,2020-08-11,0,0.0
310398,2020-08-12,0,0.0
310398,2020-08-13,0,0.0
310398,2020-08-14,0,0.0
310398,2020-08-15,0,0
310398,2020-08-16,0,0
310398,2020-08-17,0,0.0
310398,2020-08-18,0,0.0
310398,2020-08-19,0,0.0
310398,2020-08-20,0,0.0
310398,2020-08-21,0,0.0
310398,2020-08-22,0,0
310398,2020-08-23,0,0
310398,2020-08-24,0,0.0
310398,2020-08-25,0,0.0
310398,2020-08-26,0,0.0
310398,2020-08-27,0,0.0
310398,2020-08-28,0,0.0
310398,2020-08-29,0,0
310398,2020-08-30,0,0
310398,2020-08-31,0,0.0
310398,2020-09-01,0,0.0
310398,2020-09-02,0,0.0
310398,2020-09-03,0,0.0
310398,2020-09-04,0,0.0
310398,2020-09-05,0,0
310398,2020-09-06,0,0
310398,2020-09-07,0,0.0
310398,2020-09-08,0,0.0
310398,2020-09-09,0,0.0
310398,2020-09-10,0,0.0
310398,2020-09-11,0,0.0
310398,2020-09-12,0,0
310398,2020-09-13,0,0
310398,2020-09-14,0,0.0
310398,2020-09-15,0,0.0
310398,2020-09-16,0,0.0
310398,2020-09-17,0,0.0
310398,2020-09-18,0,0.0
310398,2020-09-19,0,0
310398,2020-09-20,0,0
310398,2020-09-21,0,0.0
310398,2020-09-22,0,0.0
310398,2020-09-23,0,0.0
310398,2020-09-24,0,0.0
310398,2020-09-25,0,0.0
310398,2020-09-26,0,0
310398,2020-09-27,0,0
310398,2020-09-28,0,0.0
310398,2020-09-29,0,0.0
310398,2020-09-30,0,0.0
310398,2020-10-01,0,0
310398,2020-10-02,0,0
310398,2020-10-03,0,0
310398,2020-10-04,0,0
310398,2020-10-05,0,0
310398,2020-10-06,0,0
310398,2020-10-07,0,0
310398,2020-10-08,0,0
310398,2020-10-09,0,0.0
310398,2020-10-10,0,0
310398,2020-10-11,0,0
310398,2020-10-12,0,0.0
310398,2020-10-13,0,0.0
310398,2020-10-14,0,0.0
310398,2020-10-15,0,0.0
310398,2020-10-16,0,0.0
310398,2020-10-17,0,0
310398,2020-10-18,0,0
310398,2020-10-19,0,0.0
310398,2020-10-20,0,0.0
310398,2020-10-21,0,0.0
310398,2020-10-22,0,0.0
310398,2020-10-23,0,0.0
310398,2020-10-24,0,0
310398,2020-10-25,0,0
310398,2020-10-26,0,0.0
310398,2020-10-27,0,0.0
310398,2020-10-28,0,0.0
310398,2020-10-29,0,0.0
310398,2020-10-30,0,0.0
310398,2020-10-31,0,0
310398,2020-11-01,0,0
310398,2020-11-02,0,0.0
310398,2020-11-03,0,0.0
310398,2020-11-04,0,0.0
310398,2020-11-05,0,0.0
310398,2020-11-06,0,0.0
310398,2020-11-07,0,0
310398,2020-11-08,0,0
310398,2020-11-09,0,0.0
310398,2020-11-10,0,0.0
310398,2020-11-11,0,0.0
310398,2020-11-12,0,0.0
310398,2020-11-13,0,0.0
310398,2020-11-14,0,0
310398,2020-11-15,0,0
310398,2020-11-16,0,0.0
310398,2020-11-17,0,0.0
310398,2020-11-18,0,0.0
310398,2020-11-19,0,0.0
310398,2020-11-20,0,0.0
310398,2020-11-21,0,0
310398,2020-11-22,0,0
310398,2020-11-23,0,0.0
310398,2020-11-24,0,0.0
310398,2020-11-25,0,0.0
310398,2020-11-26,0,0.0
310398,2020-11-27,0,0.0
310398,2020-11-28,0,0
310398,2020-11-29,0,0
310398,2020-11-30,0,0.0
310398,2020-12-01,0,0.0
310398,2020-12-02,0,0.0
310398,2020-12-03,0,0.0
310398,2020-12-04,0,0.0
310398,2020-12-05,0,0
310398,2020-12-06,0,0
310398,2020-12-07,0,0.0
310398,2020-12-08,0,0.0
310398,2020-12-09,0,0.0
310398,2020-12-10,0,0.0
310398,2020-12-11,0,0.0
310398,2020-12-12,0,0
310398,2020-12-13,0,0
310398,2020-12-14,0,0.0
310398,2020-12-15,0,0.0
310398,2020-12-16,0,0.0
310398,2020-12-17,0,0.0
310398,2020-12-18,0,0.0
310398,2020-12-19,0,0
310398,2020-12-20,0,0
310398,2020-12-21,0,0.0
