501057,2015-12-23,0,0
501057,2015-12-24,0,0
501057,2015-12-25,0,0
501057,2015-12-26,0,0
501057,2015-12-27,0,0
501057,2015-12-28,0,0
501057,2015-12-29,0,0
501057,2015-12-30,0,0
501057,2015-12-31,0,0
501057,2016-01-01,0,0
501057,2016-01-02,0,0
501057,2016-01-03,0,0
501057,2016-01-04,0,0
501057,2016-01-05,0,0
501057,2016-01-06,0,0
501057,2016-01-07,0,0
501057,2016-01-08,0,0
501057,2016-01-09,0,0
501057,2016-01-10,0,0
501057,2016-01-11,0,0
501057,2016-01-12,0,0
501057,2016-01-13,0,0
501057,2016-01-14,0,0
501057,2016-01-15,0,0
501057,2016-01-16,0,0
501057,2016-01-17,0,0
501057,2016-01-18,0,0
501057,2016-01-19,0,0
501057,2016-01-20,0,0
501057,2016-01-21,0,0
501057,2016-01-22,0,0
501057,2016-01-23,0,0
501057,2016-01-24,0,0
501057,2016-01-25,0,0
501057,2016-01-26,0,0
501057,2016-01-27,0,0
501057,2016-01-28,0,0
501057,2016-01-29,0,0
501057,2016-01-30,0,0
501057,2016-01-31,0,0
501057,2016-02-01,0,0
501057,2016-02-02,0,0
501057,2016-02-03,0,0
501057,2016-02-04,0,0
501057,2016-02-05,0,0
501057,2016-02-06,0,0
501057,2016-02-07,0,0
501057,2016-02-08,0,0
501057,2016-02-09,0,0
501057,2016-02-10,0,0
501057,2016-02-11,0,0
501057,2016-02-12,0,0
501057,2016-02-13,0,0
501057,2016-02-14,0,0
501057,2016-02-15,0,0
501057,2016-02-16,0,0
501057,2016-02-17,0,0
501057,2016-02-18,0,0
501057,2016-02-19,0,0
501057,2016-02-20,0,0
501057,2016-02-21,0,0
501057,2016-02-22,0,0
501057,2016-02-23,0,0
501057,2016-02-24,0,0
501057,2016-02-25,0,0
501057,2016-02-26,0,0
501057,2016-02-27,0,0
501057,2016-02-28,0,0
501057,2016-02-29,0,0
501057,2016-03-01,0,0
501057,2016-03-02,0,0
501057,2016-03-03,0,0
501057,2016-03-04,0,0
501057,2016-03-05,0,0
501057,2016-03-06,0,0
501057,2016-03-07,0,0
501057,2016-03-08,0,0
501057,2016-03-09,0,0
501057,2016-03-10,0,0
501057,2016-03-11,0,0
501057,2016-03-12,0,0
501057,2016-03-13,0,0
501057,2016-03-14,0,0
501057,2016-03-15,0,0
501057,2016-03-16,0,0
501057,2016-03-17,0,0
501057,2016-03-18,0,0
501057,2016-03-19,0,0
501057,2016-03-20,0,0
501057,2016-03-21,0,0
501057,2016-03-22,0,0
501057,2016-03-23,0,0
501057,2016-03-24,0,0
501057,2016-03-25,0,0
501057,2016-03-26,0,0
501057,2016-03-27,0,0
501057,2016-03-28,0,0
501057,2016-03-29,0,0
501057,2016-03-30,0,0
501057,2016-03-31,0,0
501057,2016-04-01,0,0
501057,2016-04-02,0,0
501057,2016-04-03,0,0
501057,2016-04-04,0,0
501057,2016-04-05,0,0
501057,2016-04-06,0,0
501057,2016-04-07,0,0
501057,2016-04-08,0,0
501057,2016-04-09,0,0
501057,2016-04-10,0,0
501057,2016-04-11,0,0
501057,2016-04-12,0,0
501057,2016-04-13,0,0
501057,2016-04-14,0,0
501057,2016-04-15,0,0
501057,2016-04-16,0,0
501057,2016-04-17,0,0
501057,2016-04-18,0,0
501057,2016-04-19,0,0
501057,2016-04-20,0,0
501057,2016-04-21,0,0
501057,2016-04-22,0,0
501057,2016-04-23,0,0
501057,2016-04-24,0,0
501057,2016-04-25,0,0
501057,2016-04-26,0,0
501057,2016-04-27,0,0
501057,2016-04-28,0,0
501057,2016-04-29,0,0
501057,2016-04-30,0,0
501057,2016-05-01,0,0
501057,2016-05-02,0,0
501057,2016-05-03,0,0
501057,2016-05-04,0,0
501057,2016-05-05,0,0
501057,2016-05-06,0,0
501057,2016-05-07,0,0
501057,2016-05-08,0,0
501057,2016-05-09,0,0
501057,2016-05-10,0,0
501057,2016-05-11,0,0
501057,2016-05-12,0,0
501057,2016-05-13,0,0
501057,2016-05-14,0,0
501057,2016-05-15,0,0
501057,2016-05-16,0,0
501057,2016-05-17,0,0
501057,2016-05-18,0,0
501057,2016-05-19,0,0
501057,2016-05-20,0,0
501057,2016-05-21,0,0
501057,2016-05-22,0,0
501057,2016-05-23,0,0
501057,2016-05-24,0,0
501057,2016-05-25,0,0
501057,2016-05-26,0,0
501057,2016-05-27,0,0
501057,2016-05-28,0,0
501057,2016-05-29,0,0
501057,2016-05-30,0,0
501057,2016-05-31,0,0
501057,2016-06-01,0,0
501057,2016-06-02,0,0
501057,2016-06-03,0,0
501057,2016-06-04,0,0
501057,2016-06-05,0,0
501057,2016-06-06,0,0
501057,2016-06-07,0,0
501057,2016-06-08,0,0
501057,2016-06-09,0,0
501057,2016-06-10,0,0
501057,2016-06-11,0,0
501057,2016-06-12,0,0
501057,2016-06-13,0,0
501057,2016-06-14,0,0
501057,2016-06-15,0,0
501057,2016-06-16,0,0
501057,2016-06-17,0,0
501057,2016-06-18,0,0
501057,2016-06-19,0,0
501057,2016-06-20,0,0
501057,2016-06-21,0,0
501057,2016-06-22,0,0
501057,2016-06-23,0,0
501057,2016-06-24,0,0
501057,2016-06-25,0,0
501057,2016-06-26,0,0
501057,2016-06-27,0,0
501057,2016-06-28,0,0
501057,2016-06-29,0,0
501057,2016-06-30,0,0
501057,2016-07-01,0,0
501057,2016-07-02,0,0
501057,2016-07-03,0,0
501057,2016-07-04,0,0
501057,2016-07-05,0,0
501057,2016-07-06,0,0
501057,2016-07-07,0,0
501057,2016-07-08,0,0
501057,2016-07-09,0,0
501057,2016-07-10,0,0
501057,2016-07-11,0,0
501057,2016-07-12,0,0
501057,2016-07-13,0,0
501057,2016-07-14,0,0
501057,2016-07-15,0,0
501057,2016-07-16,0,0
501057,2016-07-17,0,0
501057,2016-07-18,0,0
501057,2016-07-19,0,0
501057,2016-07-20,0,0
501057,2016-07-21,0,0
501057,2016-07-22,0,0
501057,2016-07-23,0,0
501057,2016-07-24,0,0
501057,2016-07-25,0,0
501057,2016-07-26,0,0
501057,2016-07-27,0,0
501057,2016-07-28,0,0
501057,2016-07-29,0,0
501057,2016-07-30,0,0
501057,2016-07-31,0,0
501057,2016-08-01,0,0
501057,2016-08-02,0,0
501057,2016-08-03,0,0
501057,2016-08-04,0,0
501057,2016-08-05,0,0
501057,2016-08-06,0,0
501057,2016-08-07,0,0
501057,2016-08-08,0,0
501057,2016-08-09,0,0
501057,2016-08-10,0,0
501057,2016-08-11,0,0
501057,2016-08-12,0,0
501057,2016-08-13,0,0
501057,2016-08-14,0,0
501057,2016-08-15,0,0
501057,2016-08-16,0,0
501057,2016-08-17,0,0
501057,2016-08-18,0,0
501057,2016-08-19,0,0
501057,2016-08-20,0,0
501057,2016-08-21,0,0
501057,2016-08-22,0,0
501057,2016-08-23,0,0
501057,2016-08-24,0,0
501057,2016-08-25,0,0
501057,2016-08-26,0,0
501057,2016-08-27,0,0
501057,2016-08-28,0,0
501057,2016-08-29,0,0
501057,2016-08-30,0,0
501057,2016-08-31,0,0
501057,2016-09-01,0,0
501057,2016-09-02,0,0
501057,2016-09-03,0,0
501057,2016-09-04,0,0
501057,2016-09-05,0,0
501057,2016-09-06,0,0
501057,2016-09-07,0,0
501057,2016-09-08,0,0
501057,2016-09-09,0,0
501057,2016-09-10,0,0
501057,2016-09-11,0,0
501057,2016-09-12,0,0
501057,2016-09-13,0,0
501057,2016-09-14,0,0
501057,2016-09-15,0,0
501057,2016-09-16,0,0
501057,2016-09-17,0,0
501057,2016-09-18,0,0
501057,2016-09-19,0,0
501057,2016-09-20,0,0
501057,2016-09-21,0,0
501057,2016-09-22,0,0
501057,2016-09-23,0,0
501057,2016-09-24,0,0
501057,2016-09-25,0,0
501057,2016-09-26,0,0
501057,2016-09-27,0,0
501057,2016-09-28,0,0
501057,2016-09-29,0,0
501057,2016-09-30,0,0
501057,2016-10-01,0,0
501057,2016-10-02,0,0
501057,2016-10-03,0,0
501057,2016-10-04,0,0
501057,2016-10-05,0,0
501057,2016-10-06,0,0
501057,2016-10-07,0,0
501057,2016-10-08,0,0
501057,2016-10-09,0,0
501057,2016-10-10,0,0
501057,2016-10-11,0,0
501057,2016-10-12,0,0
501057,2016-10-13,0,0
501057,2016-10-14,0,0
501057,2016-10-15,0,0
501057,2016-10-16,0,0
501057,2016-10-17,0,0
501057,2016-10-18,0,0
501057,2016-10-19,0,0
501057,2016-10-20,0,0
501057,2016-10-21,0,0
501057,2016-10-22,0,0
501057,2016-10-23,0,0
501057,2016-10-24,0,0
501057,2016-10-25,0,0
501057,2016-10-26,0,0
501057,2016-10-27,0,0
501057,2016-10-28,0,0
501057,2016-10-29,0,0
501057,2016-10-30,0,0
501057,2016-10-31,0,0
501057,2016-11-01,0,0
501057,2016-11-02,0,0
501057,2016-11-03,0,0
501057,2016-11-04,0,0
501057,2016-11-05,0,0
501057,2016-11-06,0,0
501057,2016-11-07,0,0
501057,2016-11-08,0,0
501057,2016-11-09,0,0
501057,2016-11-10,0,0
501057,2016-11-11,0,0
501057,2016-11-12,0,0
501057,2016-11-13,0,0
501057,2016-11-14,0,0
501057,2016-11-15,0,0
501057,2016-11-16,0,0
501057,2016-11-17,0,0
501057,2016-11-18,0,0
501057,2016-11-19,0,0
501057,2016-11-20,0,0
501057,2016-11-21,0,0
501057,2016-11-22,0,0
501057,2016-11-23,0,0
501057,2016-11-24,0,0
501057,2016-11-25,0,0
501057,2016-11-26,0,0
501057,2016-11-27,0,0
501057,2016-11-28,0,0
501057,2016-11-29,0,0
501057,2016-11-30,0,0
501057,2016-12-01,0,0
501057,2016-12-02,0,0
501057,2016-12-03,0,0
501057,2016-12-04,0,0
501057,2016-12-05,0,0
501057,2016-12-06,0,0
501057,2016-12-07,0,0
501057,2016-12-08,0,0
501057,2016-12-09,0,0
501057,2016-12-10,0,0
501057,2016-12-11,0,0
501057,2016-12-12,0,0
501057,2016-12-13,0,0
501057,2016-12-14,0,0
501057,2016-12-15,0,0
501057,2016-12-16,0,0
501057,2016-12-17,0,0
501057,2016-12-18,0,0
501057,2016-12-19,0,0
501057,2016-12-20,0,0
501057,2016-12-21,0,0
501057,2016-12-22,0,0
501057,2016-12-23,0,0
501057,2016-12-24,0,0
501057,2016-12-25,0,0
501057,2016-12-26,0,0
501057,2016-12-27,0,0
501057,2016-12-28,0,0
501057,2016-12-29,0,0
501057,2016-12-30,0,0
501057,2016-12-31,0,0
501057,2017-01-01,0,0
501057,2017-01-02,0,0
501057,2017-01-03,0,0
501057,2017-01-04,0,0
501057,2017-01-05,0,0
501057,2017-01-06,0,0
501057,2017-01-07,0,0
501057,2017-01-08,0,0
501057,2017-01-09,0,0
501057,2017-01-10,0,0
501057,2017-01-11,0,0
501057,2017-01-12,0,0
501057,2017-01-13,0,0
501057,2017-01-14,0,0
501057,2017-01-15,0,0
501057,2017-01-16,0,0
501057,2017-01-17,0,0
501057,2017-01-18,0,0
501057,2017-01-19,0,0
501057,2017-01-20,0,0
501057,2017-01-21,0,0
501057,2017-01-22,0,0
501057,2017-01-23,0,0
501057,2017-01-24,0,0
501057,2017-01-25,0,0
501057,2017-01-26,0,0
501057,2017-01-27,0,0
501057,2017-01-28,0,0
501057,2017-01-29,0,0
501057,2017-01-30,0,0
501057,2017-01-31,0,0
501057,2017-02-01,0,0
501057,2017-02-02,0,0
501057,2017-02-03,0,0
501057,2017-02-04,0,0
501057,2017-02-05,0,0
501057,2017-02-06,0,0
501057,2017-02-07,0,0
501057,2017-02-08,0,0
501057,2017-02-09,0,0
501057,2017-02-10,0,0
501057,2017-02-11,0,0
501057,2017-02-12,0,0
501057,2017-02-13,0,0
501057,2017-02-14,0,0
501057,2017-02-15,0,0
501057,2017-02-16,0,0
501057,2017-02-17,0,0
501057,2017-02-18,0,0
501057,2017-02-19,0,0
501057,2017-02-20,0,0
501057,2017-02-21,0,0
501057,2017-02-22,0,0
501057,2017-02-23,0,0
501057,2017-02-24,0,0
501057,2017-02-25,0,0
501057,2017-02-26,0,0
501057,2017-02-27,0,0
501057,2017-02-28,0,0
501057,2017-03-01,0,0
501057,2017-03-02,0,0
501057,2017-03-03,0,0
501057,2017-03-04,0,0
501057,2017-03-05,0,0
501057,2017-03-06,0,0
501057,2017-03-07,0,0
501057,2017-03-08,0,0
501057,2017-03-09,0,0
501057,2017-03-10,0,0
501057,2017-03-11,0,0
501057,2017-03-12,0,0
501057,2017-03-13,0,0
501057,2017-03-14,0,0
501057,2017-03-15,0,0
501057,2017-03-16,0,0
501057,2017-03-17,0,0
501057,2017-03-18,0,0
501057,2017-03-19,0,0
501057,2017-03-20,0,0
501057,2017-03-21,0,0
501057,2017-03-22,0,0
501057,2017-03-23,0,0
501057,2017-03-24,0,0
501057,2017-03-25,0,0
501057,2017-03-26,0,0
501057,2017-03-27,0,0
501057,2017-03-28,0,0
501057,2017-03-29,0,0
501057,2017-03-30,0,0
501057,2017-03-31,0,0
501057,2017-04-01,0,0
501057,2017-04-02,0,0
501057,2017-04-03,0,0
501057,2017-04-04,0,0
501057,2017-04-05,0,0
501057,2017-04-06,0,0
501057,2017-04-07,0,0
501057,2017-04-08,0,0
501057,2017-04-09,0,0
501057,2017-04-10,0,0
501057,2017-04-11,0,0
501057,2017-04-12,0,0
501057,2017-04-13,0,0
501057,2017-04-14,0,0
501057,2017-04-15,0,0
501057,2017-04-16,0,0
501057,2017-04-17,0,0
501057,2017-04-18,0,0
501057,2017-04-19,0,0
501057,2017-04-20,0,0
501057,2017-04-21,0,0
501057,2017-04-22,0,0
501057,2017-04-23,0,0
501057,2017-04-24,0,0
501057,2017-04-25,0,0
501057,2017-04-26,0,0
501057,2017-04-27,0,0
501057,2017-04-28,0,0
501057,2017-04-29,0,0
501057,2017-04-30,0,0
501057,2017-05-01,0,0
501057,2017-05-02,0,0
501057,2017-05-03,0,0
501057,2017-05-04,0,0
501057,2017-05-05,0,0
501057,2017-05-06,0,0
501057,2017-05-07,0,0
501057,2017-05-08,0,0
501057,2017-05-09,0,0
501057,2017-05-10,0,0
501057,2017-05-11,0,0
501057,2017-05-12,0,0
501057,2017-05-13,0,0
501057,2017-05-14,0,0
501057,2017-05-15,0,0
501057,2017-05-16,0,0
501057,2017-05-17,0,0
501057,2017-05-18,0,0
501057,2017-05-19,0,0
501057,2017-05-20,0,0
501057,2017-05-21,0,0
501057,2017-05-22,0,0
501057,2017-05-23,0,0
501057,2017-05-24,0,0
501057,2017-05-25,0,0
501057,2017-05-26,0,0
501057,2017-05-27,0,0
501057,2017-05-28,0,0
501057,2017-05-29,0,0
501057,2017-05-30,0,0
501057,2017-05-31,0,0
501057,2017-06-01,0,0
501057,2017-06-02,0,0
501057,2017-06-03,0,0
501057,2017-06-04,0,0
501057,2017-06-05,0,0
501057,2017-06-06,0,0
501057,2017-06-07,0,0
501057,2017-06-08,0,0
501057,2017-06-09,0,0
501057,2017-06-10,0,0
501057,2017-06-11,0,0
501057,2017-06-12,0,0
501057,2017-06-13,0,0
501057,2017-06-14,0,0
501057,2017-06-15,0,0
501057,2017-06-16,0,0
501057,2017-06-17,0,0
501057,2017-06-18,0,0
501057,2017-06-19,0,0
501057,2017-06-20,0,0
501057,2017-06-21,0,0
501057,2017-06-22,0,0
501057,2017-06-23,0,0
501057,2017-06-24,0,0
501057,2017-06-25,0,0
501057,2017-06-26,0,0
501057,2017-06-27,0,0
501057,2017-06-28,0,0
501057,2017-06-29,0,0
501057,2017-06-30,0,0
501057,2017-07-01,0,0
501057,2017-07-02,0,0
501057,2017-07-03,0,0
501057,2017-07-04,0,0
501057,2017-07-05,0,0
501057,2017-07-06,0,0
501057,2017-07-07,0,0
501057,2017-07-08,0,0
501057,2017-07-09,0,0
501057,2017-07-10,0,0
501057,2017-07-11,0,0
501057,2017-07-12,0,0
501057,2017-07-13,0,0
501057,2017-07-14,0,0
501057,2017-07-15,0,0
501057,2017-07-16,0,0
501057,2017-07-17,0,0
501057,2017-07-18,0,0
501057,2017-07-19,0,0
501057,2017-07-20,0,0
501057,2017-07-21,0,0
501057,2017-07-22,0,0
501057,2017-07-23,0,0
501057,2017-07-24,0,0
501057,2017-07-25,0,0
501057,2017-07-26,0,0
501057,2017-07-27,0,0
501057,2017-07-28,0,0
501057,2017-07-29,0,0
501057,2017-07-30,0,0
501057,2017-07-31,0,0
501057,2017-08-01,0,0
501057,2017-08-02,0,0
501057,2017-08-03,0,0
501057,2017-08-04,0,0
501057,2017-08-05,0,0
501057,2017-08-06,0,0
501057,2017-08-07,0,0
501057,2017-08-08,0,0
501057,2017-08-09,0,0
501057,2017-08-10,0,0
501057,2017-08-11,0,0
501057,2017-08-12,0,0
501057,2017-08-13,0,0
501057,2017-08-14,0,0
501057,2017-08-15,0,0
501057,2017-08-16,0,0
501057,2017-08-17,0,0
501057,2017-08-18,0,0
501057,2017-08-19,0,0
501057,2017-08-20,0,0
501057,2017-08-21,0,0
501057,2017-08-22,0,0
501057,2017-08-23,0,0
501057,2017-08-24,0,0
501057,2017-08-25,0,0
501057,2017-08-26,0,0
501057,2017-08-27,0,0
501057,2017-08-28,0,0
501057,2017-08-29,0,0
501057,2017-08-30,0,0
501057,2017-08-31,0,0
501057,2017-09-01,0,0
501057,2017-09-02,0,0
501057,2017-09-03,0,0
501057,2017-09-04,0,0
501057,2017-09-05,0,0
501057,2017-09-06,0,0
501057,2017-09-07,0,0
501057,2017-09-08,0,0
501057,2017-09-09,0,0
501057,2017-09-10,0,0
501057,2017-09-11,0,0
501057,2017-09-12,0,0
501057,2017-09-13,0,0
501057,2017-09-14,0,0
501057,2017-09-15,0,0
501057,2017-09-16,0,0
501057,2017-09-17,0,0
501057,2017-09-18,0,0
501057,2017-09-19,0,0
501057,2017-09-20,0,0
501057,2017-09-21,0,0
501057,2017-09-22,0,0
501057,2017-09-23,0,0
501057,2017-09-24,0,0
501057,2017-09-25,0,0
501057,2017-09-26,0,0
501057,2017-09-27,0,0
501057,2017-09-28,0,0
501057,2017-09-29,0,0
501057,2017-09-30,0,0
501057,2017-10-01,0,0
501057,2017-10-02,0,0
501057,2017-10-03,0,0
501057,2017-10-04,0,0
501057,2017-10-05,0,0
501057,2017-10-06,0,0
501057,2017-10-07,0,0
501057,2017-10-08,0,0
501057,2017-10-09,0,0
501057,2017-10-10,0,0
501057,2017-10-11,0,0
501057,2017-10-12,0,0
501057,2017-10-13,0,0
501057,2017-10-14,0,0
501057,2017-10-15,0,0
501057,2017-10-16,0,0
501057,2017-10-17,0,0
501057,2017-10-18,0,0
501057,2017-10-19,0,0
501057,2017-10-20,0,0
501057,2017-10-21,0,0
501057,2017-10-22,0,0
501057,2017-10-23,0,0
501057,2017-10-24,0,0
501057,2017-10-25,0,0
501057,2017-10-26,0,0
501057,2017-10-27,0,0
501057,2017-10-28,0,0
501057,2017-10-29,0,0
501057,2017-10-30,0,0
501057,2017-10-31,0,0
501057,2017-11-01,0,0
501057,2017-11-02,0,0
501057,2017-11-03,0,0
501057,2017-11-04,0,0
501057,2017-11-05,0,0
501057,2017-11-06,0,0
501057,2017-11-07,0,0
501057,2017-11-08,0,0
501057,2017-11-09,0,0
501057,2017-11-10,0,0
501057,2017-11-11,0,0
501057,2017-11-12,0,0
501057,2017-11-13,0,0
501057,2017-11-14,0,0
501057,2017-11-15,0,0
501057,2017-11-16,0,0
501057,2017-11-17,0,0
501057,2017-11-18,0,0
501057,2017-11-19,0,0
501057,2017-11-20,0,0
501057,2017-11-21,0,0
501057,2017-11-22,0,0
501057,2017-11-23,0,0
501057,2017-11-24,0,0
501057,2017-11-25,0,0
501057,2017-11-26,0,0
501057,2017-11-27,0,0
501057,2017-11-28,0,0
501057,2017-11-29,0,0
501057,2017-11-30,0,0
501057,2017-12-01,0,0
501057,2017-12-02,0,0
501057,2017-12-03,0,0
501057,2017-12-04,0,0
501057,2017-12-05,0,0
501057,2017-12-06,0,0
501057,2017-12-07,0,0
501057,2017-12-08,0,0
501057,2017-12-09,0,0
501057,2017-12-10,0,0
501057,2017-12-11,0,0
501057,2017-12-12,0,0
501057,2017-12-13,0,0
501057,2017-12-14,0,0
501057,2017-12-15,0,0
501057,2017-12-16,0,0
501057,2017-12-17,0,0
501057,2017-12-18,0,0
501057,2017-12-19,0,0
501057,2017-12-20,0,0
501057,2017-12-21,0,0
501057,2017-12-22,0,0
501057,2017-12-23,0,0
501057,2017-12-24,0,0
501057,2017-12-25,0,0
501057,2017-12-26,0,0
501057,2017-12-27,0,0
501057,2017-12-28,0,0
501057,2017-12-29,0,0
501057,2017-12-30,0,0
501057,2017-12-31,0,0
501057,2018-01-01,0,0
501057,2018-01-02,0,0
501057,2018-01-03,0,0
501057,2018-01-04,0,0
501057,2018-01-05,0,0
501057,2018-01-06,0,0
501057,2018-01-07,0,0
501057,2018-01-08,0,0
501057,2018-01-09,0,0
501057,2018-01-10,0,0
501057,2018-01-11,0,0
501057,2018-01-12,0,0
501057,2018-01-13,0,0
501057,2018-01-14,0,0
501057,2018-01-15,0,0
501057,2018-01-16,0,0
501057,2018-01-17,0,0
501057,2018-01-18,0,0
501057,2018-01-19,0,0
501057,2018-01-20,0,0
501057,2018-01-21,0,0
501057,2018-01-22,0,0
501057,2018-01-23,0,0
501057,2018-01-24,0,0
501057,2018-01-25,0,0
501057,2018-01-26,0,0
501057,2018-01-27,0,0
501057,2018-01-28,0,0
501057,2018-01-29,0,0
501057,2018-01-30,0,0
501057,2018-01-31,0,0
501057,2018-02-01,0,0
501057,2018-02-02,0,0
501057,2018-02-03,0,0
501057,2018-02-04,0,0
501057,2018-02-05,0,0
501057,2018-02-06,0,0
501057,2018-02-07,0,0
501057,2018-02-08,0,0
501057,2018-02-09,0,0
501057,2018-02-10,0,0
501057,2018-02-11,0,0
501057,2018-02-12,0,0
501057,2018-02-13,0,0
501057,2018-02-14,0,0
501057,2018-02-15,0,0
501057,2018-02-16,0,0
501057,2018-02-17,0,0
501057,2018-02-18,0,0
501057,2018-02-19,0,0
501057,2018-02-20,0,0
501057,2018-02-21,0,0
501057,2018-02-22,0,0
501057,2018-02-23,0,0
501057,2018-02-24,0,0
501057,2018-02-25,0,0
501057,2018-02-26,0,0
501057,2018-02-27,0,0
501057,2018-02-28,0,0
501057,2018-03-01,0,0
501057,2018-03-02,0,0
501057,2018-03-03,0,0
501057,2018-03-04,0,0
501057,2018-03-05,0,0
501057,2018-03-06,0,0
501057,2018-03-07,0,0
501057,2018-03-08,0,0
501057,2018-03-09,0,0
501057,2018-03-10,0,0
501057,2018-03-11,0,0
501057,2018-03-12,0,0
501057,2018-03-13,0,0
501057,2018-03-14,0,0
501057,2018-03-15,0,0
501057,2018-03-16,0,0
501057,2018-03-17,0,0
501057,2018-03-18,0,0
501057,2018-03-19,0,0
501057,2018-03-20,0,0
501057,2018-03-21,0,0
501057,2018-03-22,0,0
501057,2018-03-23,0,0
501057,2018-03-24,0,0
501057,2018-03-25,0,0
501057,2018-03-26,0,0
501057,2018-03-27,0,0
501057,2018-03-28,0,0
501057,2018-03-29,0,0
501057,2018-03-30,0,0
501057,2018-03-31,0,0
501057,2018-04-01,0,0
501057,2018-04-02,0,0
501057,2018-04-03,0,0
501057,2018-04-04,0,0
501057,2018-04-05,0,0
501057,2018-04-06,0,0
501057,2018-04-07,0,0
501057,2018-04-08,0,0
501057,2018-04-09,0,0
501057,2018-04-10,0,0
501057,2018-04-11,0,0
501057,2018-04-12,0,0
501057,2018-04-13,0,0
501057,2018-04-14,0,0
501057,2018-04-15,0,0
501057,2018-04-16,0,0
501057,2018-04-17,0,0
501057,2018-04-18,0,0
501057,2018-04-19,0,0
501057,2018-04-20,0,0
501057,2018-04-21,0,0
501057,2018-04-22,0,0
501057,2018-04-23,0,0
501057,2018-04-24,0,0
501057,2018-04-25,0,0
501057,2018-04-26,0,0
501057,2018-04-27,0,0
501057,2018-04-28,0,0
501057,2018-04-29,0,0
501057,2018-04-30,0,0
501057,2018-05-01,0,0
501057,2018-05-02,0,0
501057,2018-05-03,0,0
501057,2018-05-04,0,0
501057,2018-05-05,0,0
501057,2018-05-06,0,0
501057,2018-05-07,0,0
501057,2018-05-08,0,0
501057,2018-05-09,0,0
501057,2018-05-10,0,0
501057,2018-05-11,0,0
501057,2018-05-12,0,0
501057,2018-05-13,0,0
501057,2018-05-14,0,0
501057,2018-05-15,0,0
501057,2018-05-16,0,0
501057,2018-05-17,0,0
501057,2018-05-18,0,0
501057,2018-05-19,0,0
501057,2018-05-20,0,0
501057,2018-05-21,0,0
501057,2018-05-22,0,0
501057,2018-05-23,0,0.0
501057,2018-05-24,0,0
501057,2018-05-25,0,0.0
501057,2018-05-26,0,0
501057,2018-05-27,0,0
501057,2018-05-28,0,0
501057,2018-05-29,0,0
501057,2018-05-30,0,0
501057,2018-05-31,0,0
501057,2018-06-01,405,405.08
501057,2018-06-02,0,0
501057,2018-06-03,0,0
501057,2018-06-04,0,0
501057,2018-06-05,0,0
501057,2018-06-06,0,0
501057,2018-06-07,0,0
501057,2018-06-08,0,0.0
501057,2018-06-09,0,0
501057,2018-06-10,0,0
501057,2018-06-11,0,0
501057,2018-06-12,0,0
501057,2018-06-13,0,0
501057,2018-06-14,0,0
501057,2018-06-15,435,437.23
501057,2018-06-16,0,0
501057,2018-06-17,0,0
501057,2018-06-18,0,0
501057,2018-06-19,492,501.07
501057,2018-06-20,487,494.72
501057,2018-06-21,516,527.99
501057,2018-06-22,484,491.17
501057,2018-06-23,0,0
501057,2018-06-24,0,0
501057,2018-06-25,485,492.29
501057,2018-06-26,469,473.98
501057,2018-06-27,482,489.04
501057,2018-06-28,524,536.61
501057,2018-06-29,0,0.0
501057,2018-06-30,0,0.0
501057,2018-07-01,0,0
501057,2018-07-02,516,526.05
501057,2018-07-03,521,531.69
501057,2018-07-04,563,581.85
501057,2018-07-05,598,625.33
501057,2018-07-06,571,593.31
501057,2018-07-07,0,0
501057,2018-07-08,0,0
501057,2018-07-09,517,529.93
501057,2018-07-10,0,0.0
501057,2018-07-11,499,508.04
501057,2018-07-12,0,0.0
501057,2018-07-13,0,0.0
501057,2018-07-14,0,0
501057,2018-07-15,0,0
501057,2018-07-16,0,0.0
501057,2018-07-17,0,0.0
501057,2018-07-18,510,518.5
501057,2018-07-19,547,561.72
501057,2018-07-20,515,524.28
501057,2018-07-21,0,0
501057,2018-07-22,0,0
501057,2018-07-23,0,0.0
501057,2018-07-24,0,0.0
501057,2018-07-25,0,0.0
501057,2018-07-26,514,524.01
501057,2018-07-27,550,566.31
501057,2018-07-28,0,0
501057,2018-07-29,0,0
501057,2018-07-30,563,582.63
501057,2018-07-31,587,613.63
501057,2018-08-01,635,672.6
501057,2018-08-02,747,811.87
501057,2018-08-03,835,922.65
501057,2018-08-04,0,0
501057,2018-08-05,0,0
501057,2018-08-06,970,1103.4
501057,2018-08-07,871,976.13
501057,2018-08-08,966,1102.24
501057,2018-08-09,830,926.34
501057,2018-08-10,788,873.61
501057,2018-08-11,0,0
501057,2018-08-12,0,0
501057,2018-08-13,766,846.97
501057,2018-08-14,772,856.73
501057,2018-08-15,884,1003.29
501057,2018-08-16,952,1094.76
501057,2018-08-17,1012,1177.57
501057,2018-08-18,0,0
501057,2018-08-19,0,0
501057,2018-08-20,936,1078.47
501057,2018-08-21,890,1018.31
501057,2018-08-22,939,1087.06
501057,2018-08-23,908,1043.56
501057,2018-08-24,934,1081.02
501057,2018-08-25,0,0
501057,2018-08-26,0,0
501057,2018-08-27,820,932.88
501057,2018-08-28,795,899.12
501057,2018-08-29,830,947.6
501057,2018-08-30,870,1003.0
501057,2018-08-31,888,1036.17
501057,2018-09-01,0,0
501057,2018-09-02,0,0
501057,2018-09-03,885,1032.55
501057,2018-09-04,850,986.77
501057,2018-09-05,962,1139.81
501057,2018-09-06,984,1172.96
501057,2018-09-07,960,1144.49
501057,2018-09-08,0,0
501057,2018-09-09,0,0
501057,2018-09-10,446,542.78
501057,2018-09-11,425,515.96
501057,2018-09-12,404,486.51
501057,2018-09-13,377,450.26
501057,2018-09-14,350,414.45
501057,2018-09-15,0,0
501057,2018-09-16,0,0
501057,2018-09-17,385,464.3
501057,2018-09-18,350,415.53
501057,2018-09-19,323,378.62
501057,2018-09-20,319,373.06
501057,2018-09-21,263,298.97
501057,2018-09-22,0,0
501057,2018-09-23,0,0
501057,2018-09-24,0,0
501057,2018-09-25,261,297.13
501057,2018-09-26,252,285.46
501057,2018-09-27,276,317.86
501057,2018-09-28,245,277.78
501057,2018-09-29,0,0
501057,2018-09-30,0,0
501057,2018-10-01,0,0
501057,2018-10-02,0,0
501057,2018-10-03,0,0
501057,2018-10-04,0,0
501057,2018-10-05,0,0
501057,2018-10-06,0,0
501057,2018-10-07,0,0
501057,2018-10-08,323,382.07
501057,2018-10-09,329,390.5
501057,2018-10-10,355,426.94
501057,2018-10-11,528,680.85
501057,2018-10-12,534,692.34
501057,2018-10-13,0,0
501057,2018-10-14,0,0
501057,2018-10-15,600,793.55
501057,2018-10-16,669,903.81
501057,2018-10-17,642,864.88
501057,2018-10-18,709,972.57
501057,2018-10-19,616,827.07
501057,2018-10-20,0,0
501057,2018-10-21,0,0
501057,2018-10-22,470,604.35
501057,2018-10-23,551,727.58
501057,2018-10-24,536,705.91
501057,2018-10-25,544,718.44
501057,2018-10-26,535,706.08
501057,2018-10-27,0,0
501057,2018-10-28,0,0
501057,2018-10-29,580,783.04
501057,2018-10-30,527,703.32
501057,2018-10-31,468,614.74
501057,2018-11-01,457,599.11
501057,2018-11-02,359,452.43
501057,2018-11-03,0,0
501057,2018-11-04,0,0
501057,2018-11-05,350,439.59
501057,2018-11-06,361,456.33
501057,2018-11-07,360,454.49
501057,2018-11-08,370,470.5
501057,2018-11-09,373,474.98
501057,2018-11-10,0,0
501057,2018-11-11,0,0
501057,2018-11-12,326,406.08
501057,2018-11-13,307,378.22
501057,2018-11-14,320,397.12
501057,2018-11-15,303,372.14
501057,2018-11-16,290,353.23
501057,2018-11-17,0,0
501057,2018-11-18,0,0
501057,2018-11-19,282,342.32
501057,2018-11-20,312,386.09
501057,2018-11-21,308,380.25
501057,2018-11-22,302,372.1
501057,2018-11-23,379,486.02
501057,2018-11-24,0,0
501057,2018-11-25,0,0
501057,2018-11-26,388,500.0
501057,2018-11-27,353,448.31
501057,2018-11-28,317,395.56
501057,2018-11-29,338,427.15
501057,2018-11-30,300,371.89
501057,2018-12-01,0,0
501057,2018-12-02,0,0
501057,2018-12-03,258,311.71
501057,2018-12-04,257,310.2
501057,2018-12-05,252,302.99
501057,2018-12-06,279,341.7
501057,2018-12-07,274,335.09
501057,2018-12-08,0,0
501057,2018-12-09,0,0
501057,2018-12-10,295,365.73
501057,2018-12-11,280,344.4
501057,2018-12-12,258,313.3
501057,2018-12-13,248,299.37
501057,2018-12-14,280,345.55
501057,2018-12-15,0,0
501057,2018-12-16,0,0
501057,2018-12-17,285,353.2
501057,2018-12-18,289,359.5
501057,2018-12-19,308,388.15
501057,2018-12-20,309,389.81
501057,2018-12-21,330,421.94
501057,2018-12-22,0,0
501057,2018-12-23,0,0
501057,2018-12-24,313,397.36
501057,2018-12-25,332,426.63
501057,2018-12-26,339,439.01
501057,2018-12-27,347,452.0
501057,2018-12-28,346,450.46
501057,2018-12-29,0,0
501057,2018-12-30,0,0
501057,2018-12-31,345,449.16
501057,2019-01-01,0,0
501057,2019-01-02,386,509.17
501057,2019-01-03,405,538.64
501057,2019-01-04,358,466.75
501057,2019-01-05,0,0
501057,2019-01-06,0,0
501057,2019-01-07,319,408.24
501057,2019-01-08,307,390.59
501057,2019-01-09,313,400.2
501057,2019-01-10,328,422.52
501057,2019-01-11,314,401.53
501057,2019-01-12,0,0
501057,2019-01-13,0,0
501057,2019-01-14,318,408.16
501057,2019-01-15,298,378.41
501057,2019-01-16,301,383.15
501057,2019-01-17,323,416.24
501057,2019-01-18,311,397.85
501057,2019-01-19,0,0
501057,2019-01-20,0,0
501057,2019-01-21,290,367.88
501057,2019-01-22,313,402.16
501057,2019-01-23,293,372.11
501057,2019-01-24,288,364.65
501057,2019-01-25,275,346.48
501057,2019-01-26,0,0
501057,2019-01-27,0,0
501057,2019-01-28,285,361.26
501057,2019-01-29,315,407.13
501057,2019-01-30,332,433.25
501057,2019-01-31,341,447.74
501057,2019-02-01,292,373.54
501057,2019-02-02,0,0
501057,2019-02-03,0,0
501057,2019-02-04,0,0
501057,2019-02-05,0,0
501057,2019-02-06,0,0
501057,2019-02-07,0,0
501057,2019-02-08,0,0
501057,2019-02-09,0,0
501057,2019-02-10,0,0
501057,2019-02-11,242,299.99
501057,2019-02-12,232,285.4
501057,2019-02-13,198,237.47
501057,2019-02-14,185,219.77
501057,2019-02-15,210,253.99
501057,2019-02-16,0,0
501057,2019-02-17,0,0
501057,2019-02-18,0,0.0
501057,2019-02-19,179,211.08
501057,2019-02-20,0,0.0
501057,2019-02-21,0,0.0
501057,2019-02-22,0,0.0
501057,2019-02-23,0,0
501057,2019-02-24,0,0
501057,2019-02-25,0,0.0
501057,2019-02-26,0,0.0
501057,2019-02-27,0,0.0
501057,2019-02-28,0,0.0
501057,2019-03-01,0,0.0
501057,2019-03-02,0,0
501057,2019-03-03,0,0
501057,2019-03-04,0,0.0
501057,2019-03-05,0,0.0
501057,2019-03-06,0,0.0
501057,2019-03-07,0,0.0
501057,2019-03-08,0,0.0
501057,2019-03-09,0,0
501057,2019-03-10,0,0
501057,2019-03-11,0,0.0
501057,2019-03-12,0,0.0
501057,2019-03-13,0,0.0
501057,2019-03-14,0,0.0
501057,2019-03-15,0,0.0
501057,2019-03-16,0,0
501057,2019-03-17,0,0
501057,2019-03-18,0,0.0
501057,2019-03-19,0,0.0
501057,2019-03-20,0,0.0
501057,2019-03-21,0,0.0
501057,2019-03-22,0,0.0
501057,2019-03-23,0,0
501057,2019-03-24,0,0
501057,2019-03-25,0,0.0
501057,2019-03-26,0,0.0
501057,2019-03-27,0,0.0
501057,2019-03-28,0,0.0
501057,2019-03-29,0,0.0
501057,2019-03-30,0,0
501057,2019-03-31,0,0
501057,2019-04-01,0,0.0
501057,2019-04-02,0,0.0
501057,2019-04-03,0,0.0
501057,2019-04-04,0,0.0
501057,2019-04-05,0,0
501057,2019-04-06,0,0
501057,2019-04-07,0,0
501057,2019-04-08,0,0.0
501057,2019-04-09,0,0.0
501057,2019-04-10,0,0.0
501057,2019-04-11,0,0.0
501057,2019-04-12,0,0.0
501057,2019-04-13,0,0
501057,2019-04-14,0,0
501057,2019-04-15,0,0.0
501057,2019-04-16,0,0.0
501057,2019-04-17,0,0.0
501057,2019-04-18,0,0.0
501057,2019-04-19,0,0.0
501057,2019-04-20,0,0
501057,2019-04-21,0,0
501057,2019-04-22,0,0.0
501057,2019-04-23,0,0.0
501057,2019-04-24,0,0.0
501057,2019-04-25,0,0.0
501057,2019-04-26,0,0.0
501057,2019-04-27,0,0
501057,2019-04-28,0,0
501057,2019-04-29,0,0.0
501057,2019-04-30,0,0.0
501057,2019-05-01,0,0
501057,2019-05-02,0,0
501057,2019-05-03,0,0
501057,2019-05-04,0,0
501057,2019-05-05,0,0
501057,2019-05-06,131,158.52
501057,2019-05-07,123,147.31
501057,2019-05-08,129,155.76
501057,2019-05-09,139,169.82
501057,2019-05-10,117,138.82
501057,2019-05-11,0,0
501057,2019-05-12,0,0
501057,2019-05-13,131,158.31
501057,2019-05-14,138,168.27
501057,2019-05-15,122,145.74
501057,2019-05-16,111,130.3
501057,2019-05-17,135,163.97
501057,2019-05-18,0,0
501057,2019-05-19,0,0
501057,2019-05-20,144,176.32
501057,2019-05-21,130,156.42
501057,2019-05-22,141,171.95
501057,2019-05-23,165,206.07
501057,2019-05-24,165,206.38
501057,2019-05-25,0,0
501057,2019-05-26,0,0
501057,2019-05-27,148,181.91
501057,2019-05-28,138,168.27
501057,2019-05-29,140,170.73
501057,2019-05-30,141,171.93
501057,2019-05-31,143,174.8
501057,2019-06-01,0,0
501057,2019-06-02,0,0
501057,2019-06-03,153,189.76
501057,2019-06-04,160,200.03
501057,2019-06-05,157,195.76
501057,2019-06-06,166,209.2
501057,2019-06-07,0,0
501057,2019-06-08,0,0
501057,2019-06-09,0,0
501057,2019-06-10,149,184.13
501057,2019-06-11,128,153.99
501057,2019-06-12,132,159.69
501057,2019-06-13,131,158.56
501057,2019-06-14,143,175.98
501057,2019-06-15,0,0
501057,2019-06-16,0,0
501057,2019-06-17,136,167.51
501057,2019-06-18,141,174.89
501057,2019-06-19,135,166.11
501057,2019-06-20,125,151.98
501057,2019-06-21,116,139.42
501057,2019-06-22,0,0
501057,2019-06-23,0,0
501057,2019-06-24,114,136.74
501057,2019-06-25,124,150.74
501057,2019-06-26,120,145.37
501057,2019-06-27,116,139.88
501057,2019-06-28,121,146.93
501057,2019-06-29,0,0
501057,2019-06-30,120,145.74
501057,2019-07-01,0,0.0
501057,2019-07-02,0,0.0
501057,2019-07-03,0,0.0
501057,2019-07-04,0,0.0
501057,2019-07-05,0,0.0
501057,2019-07-06,0,0
501057,2019-07-07,0,0
501057,2019-07-08,111,133.38
501057,2019-07-09,0,0.0
501057,2019-07-10,0,0.0
501057,2019-07-11,110,131.97
501057,2019-07-12,110,131.53
501057,2019-07-13,0,0
501057,2019-07-14,0,0
501057,2019-07-15,105,124.75
501057,2019-07-16,107,127.53
501057,2019-07-17,106,126.13
501057,2019-07-18,114,137.35
501057,2019-07-19,109,130.38
501057,2019-07-20,0,0
501057,2019-07-21,0,0
501057,2019-07-22,119,144.47
501057,2019-07-23,107,127.75
501057,2019-07-24,0,0.0
501057,2019-07-25,0,0.0
501057,2019-07-26,0,0.0
501057,2019-07-27,0,0
501057,2019-07-28,0,0
501057,2019-07-29,0,0.0
501057,2019-07-30,0,0.0
501057,2019-07-31,0,0.0
501057,2019-08-01,0,0.0
501057,2019-08-02,0,0.0
501057,2019-08-03,0,0
501057,2019-08-04,0,0
501057,2019-08-05,110,132.4
501057,2019-08-06,123,150.9
501057,2019-08-07,115,139.34
501057,2019-08-08,107,128.01
501057,2019-08-09,112,135.15
501057,2019-08-10,0,0
501057,2019-08-11,0,0
501057,2019-08-12,107,128.07
501057,2019-08-13,113,136.51
501057,2019-08-14,106,126.82
501057,2019-08-15,105,125.4
501057,2019-08-16,0,0.0
501057,2019-08-17,0,0
501057,2019-08-18,0,0
501057,2019-08-19,0,0.0
501057,2019-08-20,0,0.0
501057,2019-08-21,0,0.0
501057,2019-08-22,0,0.0
501057,2019-08-23,0,0.0
501057,2019-08-24,0,0
501057,2019-08-25,0,0
501057,2019-08-26,104,124.18
501057,2019-08-27,0,0.0
501057,2019-08-28,0,0.0
501057,2019-08-29,0,0.0
501057,2019-08-30,0,0.0
501057,2019-08-31,0,0
501057,2019-09-01,0,0
501057,2019-09-02,0,0.0
501057,2019-09-03,0,0.0
501057,2019-09-04,0,0.0
501057,2019-09-05,0,0.0
501057,2019-09-06,0,0.0
501057,2019-09-07,0,0
501057,2019-09-08,0,0
501057,2019-09-09,0,0.0
501057,2019-09-10,0,0.0
501057,2019-09-11,0,0.0
501057,2019-09-12,0,0.0
501057,2019-09-13,0,0
501057,2019-09-14,0,0
501057,2019-09-15,0,0
501057,2019-09-16,0,0.0
501057,2019-09-17,0,0.0
501057,2019-09-18,0,0.0
501057,2019-09-19,0,0.0
501057,2019-09-20,0,0.0
501057,2019-09-21,0,0
501057,2019-09-22,0,0
501057,2019-09-23,0,0.0
501057,2019-09-24,0,0.0
501057,2019-09-25,0,0.0
501057,2019-09-26,0,0.0
501057,2019-09-27,0,0.0
501057,2019-09-28,0,0
501057,2019-09-29,0,0
501057,2019-09-30,0,0.0
501057,2019-10-01,0,0
501057,2019-10-02,0,0
501057,2019-10-03,0,0
501057,2019-10-04,0,0
501057,2019-10-05,0,0
501057,2019-10-06,0,0
501057,2019-10-07,0,0
501057,2019-10-08,0,0.0
501057,2019-10-09,0,0.0
501057,2019-10-10,0,0.0
501057,2019-10-11,0,0.0
501057,2019-10-12,0,0
501057,2019-10-13,0,0
501057,2019-10-14,0,0.0
501057,2019-10-15,0,0.0
501057,2019-10-16,0,0.0
501057,2019-10-17,0,0.0
501057,2019-10-18,0,0.0
501057,2019-10-19,0,0
501057,2019-10-20,0,0
501057,2019-10-21,0,0.0
501057,2019-10-22,0,0.0
501057,2019-10-23,0,0.0
501057,2019-10-24,0,0.0
501057,2019-10-25,0,0.0
501057,2019-10-26,0,0
501057,2019-10-27,0,0
501057,2019-10-28,0,0.0
501057,2019-10-29,0,0.0
501057,2019-10-30,0,0.0
501057,2019-10-31,0,0.0
501057,2019-11-01,0,0.0
501057,2019-11-02,0,0
501057,2019-11-03,0,0
501057,2019-11-04,0,0.0
501057,2019-11-05,0,0.0
501057,2019-11-06,0,0.0
501057,2019-11-07,0,0.0
501057,2019-11-08,0,0.0
501057,2019-11-09,0,0
501057,2019-11-10,0,0
501057,2019-11-11,0,0.0
501057,2019-11-12,0,0.0
501057,2019-11-13,0,0.0
501057,2019-11-14,0,0.0
501057,2019-11-15,0,0.0
501057,2019-11-16,0,0
501057,2019-11-17,0,0
501057,2019-11-18,0,0.0
501057,2019-11-19,0,0.0
501057,2019-11-20,0,0.0
501057,2019-11-21,0,0.0
501057,2019-11-22,0,0.0
501057,2019-11-23,0,0
501057,2019-11-24,0,0
501057,2019-11-25,0,0.0
501057,2019-11-26,0,0.0
501057,2019-11-27,0,0.0
501057,2019-11-28,0,0.0
501057,2019-11-29,0,0.0
501057,2019-11-30,0,0
501057,2019-12-01,0,0
501057,2019-12-02,0,0.0
501057,2019-12-03,0,0.0
501057,2019-12-04,0,0.0
501057,2019-12-05,0,0.0
501057,2019-12-06,0,0.0
501057,2019-12-07,0,0
501057,2019-12-08,0,0
501057,2019-12-09,0,0.0
501057,2019-12-10,0,0.0
501057,2019-12-11,0,0.0
501057,2019-12-12,0,0.0
501057,2019-12-13,0,0.0
501057,2019-12-14,0,0
501057,2019-12-15,0,0
501057,2019-12-16,0,0.0
501057,2019-12-17,0,0.0
501057,2019-12-18,0,0.0
501057,2019-12-19,0,0.0
501057,2019-12-20,0,0.0
501057,2019-12-21,0,0
501057,2019-12-22,0,0
501057,2019-12-23,0,0.0
501057,2019-12-24,0,0.0
501057,2019-12-25,0,0.0
501057,2019-12-26,0,0.0
501057,2019-12-27,0,0.0
501057,2019-12-28,0,0
501057,2019-12-29,0,0
501057,2019-12-30,0,0.0
501057,2019-12-31,0,0.0
501057,2020-01-01,0,0
501057,2020-01-02,0,0.0
501057,2020-01-03,0,0.0
501057,2020-01-04,0,0
501057,2020-01-05,0,0
501057,2020-01-06,0,0.0
501057,2020-01-07,0,0.0
501057,2020-01-08,0,0.0
501057,2020-01-09,0,0.0
501057,2020-01-10,0,0.0
501057,2020-01-11,0,0
501057,2020-01-12,0,0
501057,2020-01-13,0,0.0
501057,2020-01-14,0,0.0
501057,2020-01-15,0,0.0
501057,2020-01-16,0,0.0
501057,2020-01-17,0,0.0
501057,2020-01-18,0,0
501057,2020-01-19,0,0
501057,2020-01-20,0,0.0
501057,2020-01-21,0,0.0
501057,2020-01-22,0,0.0
501057,2020-01-23,0,0.0
501057,2020-01-24,0,0
501057,2020-01-25,0,0
501057,2020-01-26,0,0
501057,2020-01-27,0,0
501057,2020-01-28,0,0
501057,2020-01-29,0,0
501057,2020-01-30,0,0
501057,2020-01-31,0,0
501057,2020-02-01,0,0
501057,2020-02-02,0,0
501057,2020-02-03,0,0.0
501057,2020-02-04,0,0.0
501057,2020-02-05,0,0.0
501057,2020-02-06,0,0.0
501057,2020-02-07,0,0.0
501057,2020-02-08,0,0
501057,2020-02-09,0,0
501057,2020-02-10,0,0.0
501057,2020-02-11,0,0.0
501057,2020-02-12,0,0.0
501057,2020-02-13,0,0.0
501057,2020-02-14,0,0.0
501057,2020-02-15,0,0
501057,2020-02-16,0,0
501057,2020-02-17,0,0.0
501057,2020-02-18,0,0.0
501057,2020-02-19,0,0.0
501057,2020-02-20,0,0.0
501057,2020-02-21,0,0.0
501057,2020-02-22,0,0
501057,2020-02-23,0,0
501057,2020-02-24,0,0.0
501057,2020-02-25,0,0.0
501057,2020-02-26,0,0.0
501057,2020-02-27,0,0.0
501057,2020-02-28,0,0.0
501057,2020-02-29,0,0
501057,2020-03-01,0,0
501057,2020-03-02,0,0.0
501057,2020-03-03,0,0.0
501057,2020-03-04,0,0.0
501057,2020-03-05,0,0.0
501057,2020-03-06,0,0.0
501057,2020-03-07,0,0
501057,2020-03-08,0,0
501057,2020-03-09,0,0.0
501057,2020-03-10,0,0.0
501057,2020-03-11,0,0.0
501057,2020-03-12,0,0.0
501057,2020-03-13,0,0.0
501057,2020-03-14,0,0
501057,2020-03-15,0,0
501057,2020-03-16,0,0.0
501057,2020-03-17,0,0.0
501057,2020-03-18,0,0.0
501057,2020-03-19,0,0.0
501057,2020-03-20,0,0.0
501057,2020-03-21,0,0
501057,2020-03-22,0,0
501057,2020-03-23,0,0.0
501057,2020-03-24,0,0.0
501057,2020-03-25,0,0.0
501057,2020-03-26,0,0.0
501057,2020-03-27,0,0.0
501057,2020-03-28,0,0
501057,2020-03-29,0,0
501057,2020-03-30,0,0.0
501057,2020-03-31,0,0.0
501057,2020-04-01,0,0.0
501057,2020-04-02,0,0.0
501057,2020-04-03,0,0.0
501057,2020-04-04,0,0
501057,2020-04-05,0,0
501057,2020-04-06,0,0
501057,2020-04-07,0,0.0
501057,2020-04-08,0,0.0
501057,2020-04-09,0,0.0
501057,2020-04-10,0,0.0
501057,2020-04-11,0,0
501057,2020-04-12,0,0
501057,2020-04-13,0,0.0
501057,2020-04-14,0,0.0
501057,2020-04-15,0,0.0
501057,2020-04-16,0,0.0
501057,2020-04-17,0,0.0
501057,2020-04-18,0,0
501057,2020-04-19,0,0
501057,2020-04-20,0,0.0
501057,2020-04-21,0,0.0
501057,2020-04-22,0,0.0
501057,2020-04-23,0,0.0
501057,2020-04-24,0,0.0
501057,2020-04-25,0,0
501057,2020-04-26,0,0
501057,2020-04-27,0,0.0
501057,2020-04-28,0,0.0
501057,2020-04-29,0,0.0
501057,2020-04-30,0,0.0
501057,2020-05-01,0,0
501057,2020-05-02,0,0
501057,2020-05-03,0,0
501057,2020-05-04,0,0
501057,2020-05-05,0,0
501057,2020-05-06,0,0.0
501057,2020-05-07,0,0.0
501057,2020-05-08,0,0.0
501057,2020-05-09,0,0
501057,2020-05-10,0,0
501057,2020-05-11,0,0.0
501057,2020-05-12,0,0.0
501057,2020-05-13,0,0.0
501057,2020-05-14,0,0.0
501057,2020-05-15,0,0.0
501057,2020-05-16,0,0
501057,2020-05-17,0,0
501057,2020-05-18,0,0.0
501057,2020-05-19,0,0.0
501057,2020-05-20,0,0.0
501057,2020-05-21,0,0.0
501057,2020-05-22,0,0.0
501057,2020-05-23,0,0
501057,2020-05-24,0,0
501057,2020-05-25,0,0.0
501057,2020-05-26,0,0.0
501057,2020-05-27,0,0.0
501057,2020-05-28,0,0.0
501057,2020-05-29,0,0.0
501057,2020-05-30,0,0
501057,2020-05-31,0,0
501057,2020-06-01,0,0.0
501057,2020-06-02,0,0.0
501057,2020-06-03,0,0.0
501057,2020-06-04,0,0.0
501057,2020-06-05,0,0.0
501057,2020-06-06,0,0
501057,2020-06-07,0,0
501057,2020-06-08,0,0.0
501057,2020-06-09,0,0.0
501057,2020-06-10,0,0.0
501057,2020-06-11,0,0.0
501057,2020-06-12,0,0.0
501057,2020-06-13,0,0
501057,2020-06-14,0,0
501057,2020-06-15,0,0.0
501057,2020-06-16,0,0.0
501057,2020-06-17,0,0.0
501057,2020-06-18,0,0.0
501057,2020-06-19,0,0.0
501057,2020-06-20,0,0
501057,2020-06-21,0,0
501057,2020-06-22,0,0.0
501057,2020-06-23,0,0.0
501057,2020-06-24,0,0.0
501057,2020-06-25,0,0
501057,2020-06-26,0,0
501057,2020-06-27,0,0
501057,2020-06-28,0,0
501057,2020-06-29,0,0.0
501057,2020-06-30,0,0.0
501057,2020-07-01,0,0.0
501057,2020-07-02,0,0.0
501057,2020-07-03,0,0.0
501057,2020-07-04,0,0
501057,2020-07-05,0,0
501057,2020-07-06,0,0.0
501057,2020-07-07,0,0.0
501057,2020-07-08,0,0.0
501057,2020-07-09,0,0.0
501057,2020-07-10,0,0.0
501057,2020-07-11,0,0
501057,2020-07-12,0,0
501057,2020-07-13,0,0.0
501057,2020-07-14,0,0.0
501057,2020-07-15,0,0.0
501057,2020-07-16,0,0.0
501057,2020-07-17,0,0.0
501057,2020-07-18,0,0
501057,2020-07-19,0,0
501057,2020-07-20,0,0.0
501057,2020-07-21,0,0.0
501057,2020-07-22,0,0.0
501057,2020-07-23,0,0.0
501057,2020-07-24,0,0.0
501057,2020-07-25,0,0
501057,2020-07-26,0,0
501057,2020-07-27,0,0.0
501057,2020-07-28,0,0.0
501057,2020-07-29,0,0.0
501057,2020-07-30,0,0.0
501057,2020-07-31,0,0.0
501057,2020-08-01,0,0
501057,2020-08-02,0,0
501057,2020-08-03,0,0.0
501057,2020-08-04,0,0.0
501057,2020-08-05,0,0.0
501057,2020-08-06,0,0.0
501057,2020-08-07,0,0.0
501057,2020-08-08,0,0
501057,2020-08-09,0,0
501057,2020-08-10,0,0.0
501057,2020-08-11,0,0.0
501057,2020-08-12,0,0.0
501057,2020-08-13,0,0.0
501057,2020-08-14,0,0.0
501057,2020-08-15,0,0
501057,2020-08-16,0,0
501057,2020-08-17,0,0.0
501057,2020-08-18,0,0.0
501057,2020-08-19,0,0.0
501057,2020-08-20,0,0.0
501057,2020-08-21,0,0.0
501057,2020-08-22,0,0
501057,2020-08-23,0,0
501057,2020-08-24,0,0.0
501057,2020-08-25,0,0.0
501057,2020-08-26,0,0.0
501057,2020-08-27,0,0.0
501057,2020-08-28,0,0.0
501057,2020-08-29,0,0
501057,2020-08-30,0,0
501057,2020-08-31,0,0.0
501057,2020-09-01,0,0.0
501057,2020-09-02,0,0.0
501057,2020-09-03,0,0.0
501057,2020-09-04,0,0.0
501057,2020-09-05,0,0
501057,2020-09-06,0,0
501057,2020-09-07,0,0.0
501057,2020-09-08,0,0.0
501057,2020-09-09,0,0.0
501057,2020-09-10,0,0.0
501057,2020-09-11,0,0.0
501057,2020-09-12,0,0
501057,2020-09-13,0,0
501057,2020-09-14,0,0.0
501057,2020-09-15,0,0.0
501057,2020-09-16,0,0.0
501057,2020-09-17,0,0.0
501057,2020-09-18,0,0.0
501057,2020-09-19,0,0
501057,2020-09-20,0,0
501057,2020-09-21,0,0.0
501057,2020-09-22,0,0.0
501057,2020-09-23,0,0.0
501057,2020-09-24,0,0.0
501057,2020-09-25,0,0.0
501057,2020-09-26,0,0
501057,2020-09-27,0,0
501057,2020-09-28,0,0.0
501057,2020-09-29,0,0.0
501057,2020-09-30,0,0.0
501057,2020-10-01,0,0
501057,2020-10-02,0,0
501057,2020-10-03,0,0
501057,2020-10-04,0,0
501057,2020-10-05,0,0
501057,2020-10-06,0,0
501057,2020-10-07,0,0
501057,2020-10-08,0,0
501057,2020-10-09,0,0.0
501057,2020-10-10,0,0
501057,2020-10-11,0,0
501057,2020-10-12,0,0.0
501057,2020-10-13,0,0.0
501057,2020-10-14,0,0.0
501057,2020-10-15,0,0.0
501057,2020-10-16,0,0.0
501057,2020-10-17,0,0
501057,2020-10-18,0,0
501057,2020-10-19,0,0.0
501057,2020-10-20,0,0.0
501057,2020-10-21,0,0.0
501057,2020-10-22,0,0.0
501057,2020-10-23,0,0.0
501057,2020-10-24,0,0
501057,2020-10-25,0,0
501057,2020-10-26,0,0.0
501057,2020-10-27,0,0.0
501057,2020-10-28,0,0.0
501057,2020-10-29,0,0.0
501057,2020-10-30,0,0.0
501057,2020-10-31,0,0
501057,2020-11-01,0,0
501057,2020-11-02,0,0.0
501057,2020-11-03,0,0.0
501057,2020-11-04,0,0.0
501057,2020-11-05,0,0.0
501057,2020-11-06,0,0.0
501057,2020-11-07,0,0
501057,2020-11-08,0,0
501057,2020-11-09,0,0.0
501057,2020-11-10,0,0.0
501057,2020-11-11,0,0.0
501057,2020-11-12,0,0.0
501057,2020-11-13,0,0.0
501057,2020-11-14,0,0
501057,2020-11-15,0,0
501057,2020-11-16,0,0.0
501057,2020-11-17,0,0.0
501057,2020-11-18,0,0.0
501057,2020-11-19,0,0.0
501057,2020-11-20,0,0.0
501057,2020-11-21,0,0
501057,2020-11-22,0,0
501057,2020-11-23,0,0.0
501057,2020-11-24,0,0.0
501057,2020-11-25,0,0.0
501057,2020-11-26,0,0.0
501057,2020-11-27,0,0.0
501057,2020-11-28,0,0
501057,2020-11-29,0,0
501057,2020-11-30,0,0.0
501057,2020-12-01,0,0.0
501057,2020-12-02,0,0.0
501057,2020-12-03,0,0.0
501057,2020-12-04,0,0.0
501057,2020-12-05,0,0
501057,2020-12-06,0,0
501057,2020-12-07,0,0.0
501057,2020-12-08,0,0.0
501057,2020-12-09,0,0.0
501057,2020-12-10,0,0.0
501057,2020-12-11,0,0.0
501057,2020-12-12,0,0
501057,2020-12-13,0,0
501057,2020-12-14,0,0.0
501057,2020-12-15,0,0.0
501057,2020-12-16,0,0.0
501057,2020-12-17,0,0.0
501057,2020-12-18,0,0.0
501057,2020-12-19,0,0
501057,2020-12-20,0,0
501057,2020-12-21,0,0.0
