100038,2015-12-23,0,0.0
100038,2015-12-24,0,0.0
100038,2015-12-25,0,0.0
100038,2015-12-26,0,0
100038,2015-12-27,0,0
100038,2015-12-28,0,0.0
100038,2015-12-29,0,0.0
100038,2015-12-30,0,0.0
100038,2015-12-31,0,0.0
100038,2016-01-01,0,0
100038,2016-01-02,0,0
100038,2016-01-03,0,0
100038,2016-01-04,0,0.0
100038,2016-01-05,0,0.0
100038,2016-01-06,0,0.0
100038,2016-01-07,0,0.0
100038,2016-01-08,0,0.0
100038,2016-01-09,0,0
100038,2016-01-10,0,0
100038,2016-01-11,0,0.0
100038,2016-01-12,0,0.0
100038,2016-01-13,0,0.0
100038,2016-01-14,0,0.0
100038,2016-01-15,0,0.0
100038,2016-01-16,0,0
100038,2016-01-17,0,0
100038,2016-01-18,0,0.0
100038,2016-01-19,0,0.0
100038,2016-01-20,0,0.0
100038,2016-01-21,0,0.0
100038,2016-01-22,0,0.0
100038,2016-01-23,0,0
100038,2016-01-24,0,0
100038,2016-01-25,0,0.0
100038,2016-01-26,0,0.0
100038,2016-01-27,0,0.0
100038,2016-01-28,0,0.0
100038,2016-01-29,0,0.0
100038,2016-01-30,0,0
100038,2016-01-31,0,0
100038,2016-02-01,0,0.0
100038,2016-02-02,0,0.0
100038,2016-02-03,0,0.0
100038,2016-02-04,0,0.0
100038,2016-02-05,0,0.0
100038,2016-02-06,0,0
100038,2016-02-07,0,0
100038,2016-02-08,0,0
100038,2016-02-09,0,0
100038,2016-02-10,0,0
100038,2016-02-11,0,0
100038,2016-02-12,0,0
100038,2016-02-13,0,0
100038,2016-02-14,0,0
100038,2016-02-15,0,0.0
100038,2016-02-16,0,0.0
100038,2016-02-17,0,0.0
100038,2016-02-18,0,0.0
100038,2016-02-19,0,0.0
100038,2016-02-20,0,0
100038,2016-02-21,0,0
100038,2016-02-22,0,0.0
100038,2016-02-23,0,0.0
100038,2016-02-24,0,0.0
100038,2016-02-25,0,0.0
100038,2016-02-26,0,0.0
100038,2016-02-27,0,0
100038,2016-02-28,0,0
100038,2016-02-29,0,0.0
100038,2016-03-01,0,0.0
100038,2016-03-02,0,0.0
100038,2016-03-03,0,0.0
100038,2016-03-04,0,0.0
100038,2016-03-05,0,0
100038,2016-03-06,0,0
100038,2016-03-07,0,0.0
100038,2016-03-08,0,0.0
100038,2016-03-09,0,0.0
100038,2016-03-10,0,0.0
100038,2016-03-11,0,0.0
100038,2016-03-12,0,0
100038,2016-03-13,0,0
100038,2016-03-14,0,0.0
100038,2016-03-15,0,0.0
100038,2016-03-16,0,0.0
100038,2016-03-17,0,0.0
100038,2016-03-18,0,0.0
100038,2016-03-19,0,0
100038,2016-03-20,0,0
100038,2016-03-21,0,0.0
100038,2016-03-22,0,0.0
100038,2016-03-23,0,0.0
100038,2016-03-24,0,0.0
100038,2016-03-25,0,0.0
100038,2016-03-26,0,0
100038,2016-03-27,0,0
100038,2016-03-28,0,0.0
100038,2016-03-29,0,0.0
100038,2016-03-30,0,0.0
100038,2016-03-31,0,0.0
100038,2016-04-01,0,0.0
100038,2016-04-02,0,0
100038,2016-04-03,0,0
100038,2016-04-04,0,0
100038,2016-04-05,0,0.0
100038,2016-04-06,0,0.0
100038,2016-04-07,0,0.0
100038,2016-04-08,0,0.0
100038,2016-04-09,0,0
100038,2016-04-10,0,0
100038,2016-04-11,0,0.0
100038,2016-04-12,0,0.0
100038,2016-04-13,0,0.0
100038,2016-04-14,0,0.0
100038,2016-04-15,0,0.0
100038,2016-04-16,0,0
100038,2016-04-17,0,0
100038,2016-04-18,0,0.0
100038,2016-04-19,0,0.0
100038,2016-04-20,0,0.0
100038,2016-04-21,0,0.0
100038,2016-04-22,0,0.0
100038,2016-04-23,0,0
100038,2016-04-24,0,0
100038,2016-04-25,0,0.0
100038,2016-04-26,0,0.0
100038,2016-04-27,0,0.0
100038,2016-04-28,0,0.0
100038,2016-04-29,0,0.0
100038,2016-04-30,0,0
100038,2016-05-01,0,0
100038,2016-05-02,0,0
100038,2016-05-03,0,0.0
100038,2016-05-04,0,0.0
100038,2016-05-05,0,0.0
100038,2016-05-06,0,0.0
100038,2016-05-07,0,0
100038,2016-05-08,0,0
100038,2016-05-09,0,0.0
100038,2016-05-10,0,0.0
100038,2016-05-11,0,0.0
100038,2016-05-12,0,0.0
100038,2016-05-13,0,0.0
100038,2016-05-14,0,0
100038,2016-05-15,0,0
100038,2016-05-16,0,0.0
100038,2016-05-17,0,0.0
100038,2016-05-18,0,0.0
100038,2016-05-19,0,0.0
100038,2016-05-20,0,0.0
100038,2016-05-21,0,0
100038,2016-05-22,0,0
100038,2016-05-23,0,0.0
100038,2016-05-24,0,0.0
100038,2016-05-25,0,0.0
100038,2016-05-26,0,0.0
100038,2016-05-27,0,0.0
100038,2016-05-28,0,0
100038,2016-05-29,0,0
100038,2016-05-30,0,0.0
100038,2016-05-31,0,0.0
100038,2016-06-01,0,0.0
100038,2016-06-02,0,0.0
100038,2016-06-03,0,0.0
100038,2016-06-04,0,0
100038,2016-06-05,0,0
100038,2016-06-06,0,0.0
100038,2016-06-07,0,0.0
100038,2016-06-08,0,0.0
100038,2016-06-09,0,0
100038,2016-06-10,0,0
100038,2016-06-11,0,0
100038,2016-06-12,0,0
100038,2016-06-13,0,0.0
100038,2016-06-14,0,0.0
100038,2016-06-15,0,0.0
100038,2016-06-16,0,0.0
100038,2016-06-17,0,0.0
100038,2016-06-18,0,0
100038,2016-06-19,0,0
100038,2016-06-20,0,0.0
100038,2016-06-21,0,0.0
100038,2016-06-22,0,0.0
100038,2016-06-23,0,0.0
100038,2016-06-24,0,0.0
100038,2016-06-25,0,0
100038,2016-06-26,0,0
100038,2016-06-27,0,0.0
100038,2016-06-28,0,0.0
100038,2016-06-29,0,0.0
100038,2016-06-30,0,0.0
100038,2016-07-01,0,0.0
100038,2016-07-02,0,0
100038,2016-07-03,0,0
100038,2016-07-04,0,0.0
100038,2016-07-05,0,0.0
100038,2016-07-06,0,0.0
100038,2016-07-07,0,0.0
100038,2016-07-08,0,0.0
100038,2016-07-09,0,0
100038,2016-07-10,0,0
100038,2016-07-11,0,0.0
100038,2016-07-12,0,0.0
100038,2016-07-13,0,0.0
100038,2016-07-14,0,0.0
100038,2016-07-15,0,0.0
100038,2016-07-16,0,0
100038,2016-07-17,0,0
100038,2016-07-18,0,0.0
100038,2016-07-19,0,0.0
100038,2016-07-20,0,0.0
100038,2016-07-21,0,0.0
100038,2016-07-22,0,0.0
100038,2016-07-23,0,0
100038,2016-07-24,0,0
100038,2016-07-25,0,0.0
100038,2016-07-26,0,0.0
100038,2016-07-27,0,0.0
100038,2016-07-28,0,0.0
100038,2016-07-29,0,0.0
100038,2016-07-30,0,0
100038,2016-07-31,0,0
100038,2016-08-01,0,0.0
100038,2016-08-02,0,0.0
100038,2016-08-03,0,0.0
100038,2016-08-04,0,0.0
100038,2016-08-05,0,0.0
100038,2016-08-06,0,0
100038,2016-08-07,0,0
100038,2016-08-08,0,0.0
100038,2016-08-09,0,0.0
100038,2016-08-10,0,0.0
100038,2016-08-11,0,0.0
100038,2016-08-12,0,0.0
100038,2016-08-13,0,0
100038,2016-08-14,0,0
100038,2016-08-15,0,0.0
100038,2016-08-16,0,0.0
100038,2016-08-17,0,0.0
100038,2016-08-18,0,0.0
100038,2016-08-19,0,0.0
100038,2016-08-20,0,0
100038,2016-08-21,0,0
100038,2016-08-22,0,0.0
100038,2016-08-23,0,0.0
100038,2016-08-24,0,0.0
100038,2016-08-25,0,0.0
100038,2016-08-26,0,0.0
100038,2016-08-27,0,0
100038,2016-08-28,0,0
100038,2016-08-29,0,0.0
100038,2016-08-30,0,0.0
100038,2016-08-31,0,0.0
100038,2016-09-01,0,0.0
100038,2016-09-02,0,0.0
100038,2016-09-03,0,0
100038,2016-09-04,0,0
100038,2016-09-05,0,0.0
100038,2016-09-06,0,0.0
100038,2016-09-07,0,0.0
100038,2016-09-08,0,0.0
100038,2016-09-09,0,0.0
100038,2016-09-10,0,0
100038,2016-09-11,0,0
100038,2016-09-12,0,0.0
100038,2016-09-13,0,0.0
100038,2016-09-14,0,0.0
100038,2016-09-15,0,0
100038,2016-09-16,0,0
100038,2016-09-17,0,0
100038,2016-09-18,0,0
100038,2016-09-19,0,0.0
100038,2016-09-20,0,0.0
100038,2016-09-21,0,0.0
100038,2016-09-22,0,0.0
100038,2016-09-23,0,0.0
100038,2016-09-24,0,0
100038,2016-09-25,0,0
100038,2016-09-26,0,0.0
100038,2016-09-27,0,0.0
100038,2016-09-28,0,0.0
100038,2016-09-29,0,0.0
100038,2016-09-30,0,0.0
100038,2016-10-01,0,0
100038,2016-10-02,0,0
100038,2016-10-03,0,0
100038,2016-10-04,0,0
100038,2016-10-05,0,0
100038,2016-10-06,0,0
100038,2016-10-07,0,0
100038,2016-10-08,0,0
100038,2016-10-09,0,0
100038,2016-10-10,0,0.0
100038,2016-10-11,0,0.0
100038,2016-10-12,0,0.0
100038,2016-10-13,0,0.0
100038,2016-10-14,0,0.0
100038,2016-10-15,0,0
100038,2016-10-16,0,0
100038,2016-10-17,0,0.0
100038,2016-10-18,0,0.0
100038,2016-10-19,0,0.0
100038,2016-10-20,0,0.0
100038,2016-10-21,0,0.0
100038,2016-10-22,0,0
100038,2016-10-23,0,0
100038,2016-10-24,0,0.0
100038,2016-10-25,0,0.0
100038,2016-10-26,0,0.0
100038,2016-10-27,0,0.0
100038,2016-10-28,0,0.0
100038,2016-10-29,0,0
100038,2016-10-30,0,0
100038,2016-10-31,0,0.0
100038,2016-11-01,0,0.0
100038,2016-11-02,0,0.0
100038,2016-11-03,0,0.0
100038,2016-11-04,0,0.0
100038,2016-11-05,0,0
100038,2016-11-06,0,0
100038,2016-11-07,0,0.0
100038,2016-11-08,0,0.0
100038,2016-11-09,0,0.0
100038,2016-11-10,0,0.0
100038,2016-11-11,0,0.0
100038,2016-11-12,0,0
100038,2016-11-13,0,0
100038,2016-11-14,0,0.0
100038,2016-11-15,0,0.0
100038,2016-11-16,0,0.0
100038,2016-11-17,0,0.0
100038,2016-11-18,0,0.0
100038,2016-11-19,0,0
100038,2016-11-20,0,0
100038,2016-11-21,0,0.0
100038,2016-11-22,0,0.0
100038,2016-11-23,0,0.0
100038,2016-11-24,0,0.0
100038,2016-11-25,0,0.0
100038,2016-11-26,0,0
100038,2016-11-27,0,0
100038,2016-11-28,0,0.0
100038,2016-11-29,0,0.0
100038,2016-11-30,0,0.0
100038,2016-12-01,0,0.0
100038,2016-12-02,0,0.0
100038,2016-12-03,0,0
100038,2016-12-04,0,0
100038,2016-12-05,0,0.0
100038,2016-12-06,0,0.0
100038,2016-12-07,0,0.0
100038,2016-12-08,0,0.0
100038,2016-12-09,0,0.0
100038,2016-12-10,0,0
100038,2016-12-11,0,0
100038,2016-12-12,0,0.0
100038,2016-12-13,0,0.0
100038,2016-12-14,0,0.0
100038,2016-12-15,0,0.0
100038,2016-12-16,0,0.0
100038,2016-12-17,0,0
100038,2016-12-18,0,0
100038,2016-12-19,0,0.0
100038,2016-12-20,0,0.0
100038,2016-12-21,0,0.0
100038,2016-12-22,0,0.0
100038,2016-12-23,0,0.0
100038,2016-12-24,0,0
100038,2016-12-25,0,0
100038,2016-12-26,0,0.0
100038,2016-12-27,0,0.0
100038,2016-12-28,0,0.0
100038,2016-12-29,0,0.0
100038,2016-12-30,0,0.0
100038,2016-12-31,0,0.0
100038,2017-01-01,0,0
100038,2017-01-02,0,0
100038,2017-01-03,0,0.0
100038,2017-01-04,0,0.0
100038,2017-01-05,0,0.0
100038,2017-01-06,0,0.0
100038,2017-01-07,0,0
100038,2017-01-08,0,0
100038,2017-01-09,0,0.0
100038,2017-01-10,0,0.0
100038,2017-01-11,0,0.0
100038,2017-01-12,0,0.0
100038,2017-01-13,0,0.0
100038,2017-01-14,0,0
100038,2017-01-15,0,0
100038,2017-01-16,0,0.0
100038,2017-01-17,0,0.0
100038,2017-01-18,0,0.0
100038,2017-01-19,0,0.0
100038,2017-01-20,0,0.0
100038,2017-01-21,0,0
100038,2017-01-22,0,0
100038,2017-01-23,0,0.0
100038,2017-01-24,0,0.0
100038,2017-01-25,0,0.0
100038,2017-01-26,0,0.0
100038,2017-01-27,0,0
100038,2017-01-28,0,0
100038,2017-01-29,0,0
100038,2017-01-30,0,0
100038,2017-01-31,0,0
100038,2017-02-01,0,0
100038,2017-02-02,0,0
100038,2017-02-03,0,0.0
100038,2017-02-04,0,0
100038,2017-02-05,0,0
100038,2017-02-06,0,0.0
100038,2017-02-07,0,0.0
100038,2017-02-08,0,0.0
100038,2017-02-09,0,0.0
100038,2017-02-10,0,0.0
100038,2017-02-11,0,0
100038,2017-02-12,0,0
100038,2017-02-13,0,0.0
100038,2017-02-14,0,0.0
100038,2017-02-15,0,0.0
100038,2017-02-16,0,0.0
100038,2017-02-17,0,0.0
100038,2017-02-18,0,0
100038,2017-02-19,0,0
100038,2017-02-20,0,0.0
100038,2017-02-21,0,0.0
100038,2017-02-22,0,0.0
100038,2017-02-23,0,0.0
100038,2017-02-24,0,0.0
100038,2017-02-25,0,0
100038,2017-02-26,0,0
100038,2017-02-27,0,0.0
100038,2017-02-28,0,0.0
100038,2017-03-01,0,0.0
100038,2017-03-02,0,0.0
100038,2017-03-03,0,0.0
100038,2017-03-04,0,0
100038,2017-03-05,0,0
100038,2017-03-06,0,0.0
100038,2017-03-07,0,0.0
100038,2017-03-08,0,0.0
100038,2017-03-09,0,0.0
100038,2017-03-10,0,0.0
100038,2017-03-11,0,0
100038,2017-03-12,0,0
100038,2017-03-13,0,0.0
100038,2017-03-14,0,0.0
100038,2017-03-15,0,0.0
100038,2017-03-16,0,0.0
100038,2017-03-17,0,0.0
100038,2017-03-18,0,0
100038,2017-03-19,0,0
100038,2017-03-20,0,0.0
100038,2017-03-21,0,0.0
100038,2017-03-22,0,0.0
100038,2017-03-23,0,0.0
100038,2017-03-24,0,0.0
100038,2017-03-25,0,0
100038,2017-03-26,0,0
100038,2017-03-27,0,0.0
100038,2017-03-28,0,0.0
100038,2017-03-29,0,0.0
100038,2017-03-30,0,0.0
100038,2017-03-31,0,0.0
100038,2017-04-01,0,0
100038,2017-04-02,0,0
100038,2017-04-03,0,0
100038,2017-04-04,0,0
100038,2017-04-05,0,0.0
100038,2017-04-06,0,0.0
100038,2017-04-07,0,0.0
100038,2017-04-08,0,0
100038,2017-04-09,0,0
100038,2017-04-10,0,0.0
100038,2017-04-11,0,0.0
100038,2017-04-12,0,0.0
100038,2017-04-13,0,0.0
100038,2017-04-14,0,0.0
100038,2017-04-15,0,0
100038,2017-04-16,0,0
100038,2017-04-17,0,0.0
100038,2017-04-18,0,0.0
100038,2017-04-19,0,0.0
100038,2017-04-20,0,0.0
100038,2017-04-21,0,0.0
100038,2017-04-22,0,0
100038,2017-04-23,0,0
100038,2017-04-24,0,0.0
100038,2017-04-25,0,0.0
100038,2017-04-26,0,0.0
100038,2017-04-27,0,0.0
100038,2017-04-28,0,0.0
100038,2017-04-29,0,0
100038,2017-04-30,0,0
100038,2017-05-01,0,0
100038,2017-05-02,0,0.0
100038,2017-05-03,0,0.0
100038,2017-05-04,0,0.0
100038,2017-05-05,0,0.0
100038,2017-05-06,0,0
100038,2017-05-07,0,0
100038,2017-05-08,0,0.0
100038,2017-05-09,0,0.0
100038,2017-05-10,0,0.0
100038,2017-05-11,0,0.0
100038,2017-05-12,0,0.0
100038,2017-05-13,0,0
100038,2017-05-14,0,0
100038,2017-05-15,0,0.0
100038,2017-05-16,0,0.0
100038,2017-05-17,0,0.0
100038,2017-05-18,0,0.0
100038,2017-05-19,0,0.0
100038,2017-05-20,0,0
100038,2017-05-21,0,0
100038,2017-05-22,0,0.0
100038,2017-05-23,0,0.0
100038,2017-05-24,0,0.0
100038,2017-05-25,0,0.0
100038,2017-05-26,0,0.0
100038,2017-05-27,0,0
100038,2017-05-28,0,0
100038,2017-05-29,0,0
100038,2017-05-30,0,0
100038,2017-05-31,0,0.0
100038,2017-06-01,0,0.0
100038,2017-06-02,0,0.0
100038,2017-06-03,0,0
100038,2017-06-04,0,0
100038,2017-06-05,0,0.0
100038,2017-06-06,0,0.0
100038,2017-06-07,0,0.0
100038,2017-06-08,0,0.0
100038,2017-06-09,0,0.0
100038,2017-06-10,0,0
100038,2017-06-11,0,0
100038,2017-06-12,0,0.0
100038,2017-06-13,0,0.0
100038,2017-06-14,0,0.0
100038,2017-06-15,0,0.0
100038,2017-06-16,0,0.0
100038,2017-06-17,0,0
100038,2017-06-18,0,0
100038,2017-06-19,0,0.0
100038,2017-06-20,0,0.0
100038,2017-06-21,0,0.0
100038,2017-06-22,0,0.0
100038,2017-06-23,0,0.0
100038,2017-06-24,0,0
100038,2017-06-25,0,0
100038,2017-06-26,0,0.0
100038,2017-06-27,0,0.0
100038,2017-06-28,0,0.0
100038,2017-06-29,0,0.0
100038,2017-06-30,0,0.0
100038,2017-07-01,0,0
100038,2017-07-02,0,0
100038,2017-07-03,0,0.0
100038,2017-07-04,0,0.0
100038,2017-07-05,0,0.0
100038,2017-07-06,0,0.0
100038,2017-07-07,0,0.0
100038,2017-07-08,0,0
100038,2017-07-09,0,0
100038,2017-07-10,0,0.0
100038,2017-07-11,0,0.0
100038,2017-07-12,0,0.0
100038,2017-07-13,0,0.0
100038,2017-07-14,0,0.0
100038,2017-07-15,0,0
100038,2017-07-16,0,0
100038,2017-07-17,0,0.0
100038,2017-07-18,0,0.0
100038,2017-07-19,0,0.0
100038,2017-07-20,0,0.0
100038,2017-07-21,0,0.0
100038,2017-07-22,0,0
100038,2017-07-23,0,0
100038,2017-07-24,0,0.0
100038,2017-07-25,0,0.0
100038,2017-07-26,0,0.0
100038,2017-07-27,0,0.0
100038,2017-07-28,0,0.0
100038,2017-07-29,0,0
100038,2017-07-30,0,0
100038,2017-07-31,0,0.0
100038,2017-08-01,0,0.0
100038,2017-08-02,0,0.0
100038,2017-08-03,0,0.0
100038,2017-08-04,0,0.0
100038,2017-08-05,0,0
100038,2017-08-06,0,0
100038,2017-08-07,0,0.0
100038,2017-08-08,0,0.0
100038,2017-08-09,0,0.0
100038,2017-08-10,0,0.0
100038,2017-08-11,0,0.0
100038,2017-08-12,0,0
100038,2017-08-13,0,0
100038,2017-08-14,0,0.0
100038,2017-08-15,0,0.0
100038,2017-08-16,0,0.0
100038,2017-08-17,0,0.0
100038,2017-08-18,0,0.0
100038,2017-08-19,0,0
100038,2017-08-20,0,0
100038,2017-08-21,0,0.0
100038,2017-08-22,0,0.0
100038,2017-08-23,0,0.0
100038,2017-08-24,0,0.0
100038,2017-08-25,0,0.0
100038,2017-08-26,0,0
100038,2017-08-27,0,0
100038,2017-08-28,0,0.0
100038,2017-08-29,0,0.0
100038,2017-08-30,0,0.0
100038,2017-08-31,0,0.0
100038,2017-09-01,0,0.0
100038,2017-09-02,0,0
100038,2017-09-03,0,0
100038,2017-09-04,0,0.0
100038,2017-09-05,0,0.0
100038,2017-09-06,0,0.0
100038,2017-09-07,0,0.0
100038,2017-09-08,0,0.0
100038,2017-09-09,0,0
100038,2017-09-10,0,0
100038,2017-09-11,0,0.0
100038,2017-09-12,0,0.0
100038,2017-09-13,0,0.0
100038,2017-09-14,0,0.0
100038,2017-09-15,0,0.0
100038,2017-09-16,0,0
100038,2017-09-17,0,0
100038,2017-09-18,0,0.0
100038,2017-09-19,0,0.0
100038,2017-09-20,0,0.0
100038,2017-09-21,0,0.0
100038,2017-09-22,0,0.0
100038,2017-09-23,0,0
100038,2017-09-24,0,0
100038,2017-09-25,0,0.0
100038,2017-09-26,0,0.0
100038,2017-09-27,0,0.0
100038,2017-09-28,0,0.0
100038,2017-09-29,0,0.0
100038,2017-09-30,0,0
100038,2017-10-01,0,0
100038,2017-10-02,0,0
100038,2017-10-03,0,0
100038,2017-10-04,0,0
100038,2017-10-05,0,0
100038,2017-10-06,0,0
100038,2017-10-07,0,0
100038,2017-10-08,0,0
100038,2017-10-09,0,0.0
100038,2017-10-10,0,0.0
100038,2017-10-11,0,0.0
100038,2017-10-12,0,0.0
100038,2017-10-13,0,0.0
100038,2017-10-14,0,0
100038,2017-10-15,0,0
100038,2017-10-16,0,0.0
100038,2017-10-17,0,0.0
100038,2017-10-18,0,0.0
100038,2017-10-19,0,0.0
100038,2017-10-20,0,0.0
100038,2017-10-21,0,0
100038,2017-10-22,0,0
100038,2017-10-23,0,0.0
100038,2017-10-24,0,0.0
100038,2017-10-25,0,0.0
100038,2017-10-26,0,0.0
100038,2017-10-27,0,0.0
100038,2017-10-28,0,0
100038,2017-10-29,0,0
100038,2017-10-30,0,0.0
100038,2017-10-31,0,0.0
100038,2017-11-01,0,0.0
100038,2017-11-02,0,0.0
100038,2017-11-03,0,0.0
100038,2017-11-04,0,0
100038,2017-11-05,0,0
100038,2017-11-06,0,0.0
100038,2017-11-07,0,0.0
100038,2017-11-08,0,0.0
100038,2017-11-09,0,0.0
100038,2017-11-10,0,0.0
100038,2017-11-11,0,0
100038,2017-11-12,0,0
100038,2017-11-13,0,0.0
100038,2017-11-14,0,0.0
100038,2017-11-15,0,0.0
100038,2017-11-16,0,0.0
100038,2017-11-17,0,0.0
100038,2017-11-18,0,0
100038,2017-11-19,0,0
100038,2017-11-20,0,0.0
100038,2017-11-21,0,0.0
100038,2017-11-22,0,0.0
100038,2017-11-23,0,0.0
100038,2017-11-24,0,0.0
100038,2017-11-25,0,0
100038,2017-11-26,0,0
100038,2017-11-27,0,0.0
100038,2017-11-28,0,0.0
100038,2017-11-29,0,0.0
100038,2017-11-30,0,0.0
100038,2017-12-01,0,0.0
100038,2017-12-02,0,0
100038,2017-12-03,0,0
100038,2017-12-04,0,0.0
100038,2017-12-05,0,0.0
100038,2017-12-06,0,0.0
100038,2017-12-07,0,0.0
100038,2017-12-08,0,0.0
100038,2017-12-09,0,0
100038,2017-12-10,0,0
100038,2017-12-11,0,0.0
100038,2017-12-12,0,0.0
100038,2017-12-13,0,0.0
100038,2017-12-14,0,0.0
100038,2017-12-15,0,0.0
100038,2017-12-16,0,0
100038,2017-12-17,0,0
100038,2017-12-18,0,0.0
100038,2017-12-19,0,0.0
100038,2017-12-20,0,0.0
100038,2017-12-21,0,0.0
100038,2017-12-22,0,0.0
100038,2017-12-23,0,0
100038,2017-12-24,0,0
100038,2017-12-25,0,0.0
100038,2017-12-26,0,0.0
100038,2017-12-27,0,0.0
100038,2017-12-28,0,0.0
100038,2017-12-29,0,0.0
100038,2017-12-30,0,0
100038,2017-12-31,0,0.0
100038,2018-01-01,0,0
100038,2018-01-02,0,0.0
100038,2018-01-03,0,0.0
100038,2018-01-04,0,0.0
100038,2018-01-05,0,0.0
100038,2018-01-06,0,0
100038,2018-01-07,0,0
100038,2018-01-08,0,0.0
100038,2018-01-09,0,0.0
100038,2018-01-10,0,0.0
100038,2018-01-11,0,0.0
100038,2018-01-12,0,0.0
100038,2018-01-13,0,0
100038,2018-01-14,0,0
100038,2018-01-15,0,0.0
100038,2018-01-16,0,0.0
100038,2018-01-17,0,0.0
100038,2018-01-18,0,0.0
100038,2018-01-19,0,0.0
100038,2018-01-20,0,0
100038,2018-01-21,0,0
100038,2018-01-22,0,0.0
100038,2018-01-23,0,0.0
100038,2018-01-24,0,0.0
100038,2018-01-25,0,0.0
100038,2018-01-26,0,0.0
100038,2018-01-27,0,0
100038,2018-01-28,0,0
100038,2018-01-29,0,0.0
100038,2018-01-30,0,0.0
100038,2018-01-31,0,0.0
100038,2018-02-01,0,0.0
100038,2018-02-02,0,0.0
100038,2018-02-03,0,0
100038,2018-02-04,0,0
100038,2018-02-05,0,0.0
100038,2018-02-06,0,0.0
100038,2018-02-07,0,0.0
100038,2018-02-08,0,0.0
100038,2018-02-09,0,0.0
100038,2018-02-10,0,0
100038,2018-02-11,0,0
100038,2018-02-12,0,0.0
100038,2018-02-13,0,0.0
100038,2018-02-14,0,0.0
100038,2018-02-15,0,0
100038,2018-02-16,0,0
100038,2018-02-17,0,0
100038,2018-02-18,0,0
100038,2018-02-19,0,0
100038,2018-02-20,0,0
100038,2018-02-21,0,0
100038,2018-02-22,0,0.0
100038,2018-02-23,0,0.0
100038,2018-02-24,0,0
100038,2018-02-25,0,0
100038,2018-02-26,0,0.0
100038,2018-02-27,0,0.0
100038,2018-02-28,0,0.0
100038,2018-03-01,0,0.0
100038,2018-03-02,0,0.0
100038,2018-03-03,0,0
100038,2018-03-04,0,0
100038,2018-03-05,0,0.0
100038,2018-03-06,0,0.0
100038,2018-03-07,0,0.0
100038,2018-03-08,0,0.0
100038,2018-03-09,0,0.0
100038,2018-03-10,0,0
100038,2018-03-11,0,0
100038,2018-03-12,0,0.0
100038,2018-03-13,0,0.0
100038,2018-03-14,0,0.0
100038,2018-03-15,0,0.0
100038,2018-03-16,0,0.0
100038,2018-03-17,0,0
100038,2018-03-18,0,0
100038,2018-03-19,0,0.0
100038,2018-03-20,0,0.0
100038,2018-03-21,0,0.0
100038,2018-03-22,0,0.0
100038,2018-03-23,0,0.0
100038,2018-03-24,0,0
100038,2018-03-25,0,0
100038,2018-03-26,0,0.0
100038,2018-03-27,0,0.0
100038,2018-03-28,0,0.0
100038,2018-03-29,0,0.0
100038,2018-03-30,0,0.0
100038,2018-03-31,0,0
100038,2018-04-01,0,0
100038,2018-04-02,0,0.0
100038,2018-04-03,0,0.0
100038,2018-04-04,0,0.0
100038,2018-04-05,0,0
100038,2018-04-06,0,0
100038,2018-04-07,0,0
100038,2018-04-08,0,0
100038,2018-04-09,0,0.0
100038,2018-04-10,0,0.0
100038,2018-04-11,0,0.0
100038,2018-04-12,0,0.0
100038,2018-04-13,0,0.0
100038,2018-04-14,0,0
100038,2018-04-15,0,0
100038,2018-04-16,0,0.0
100038,2018-04-17,0,0.0
100038,2018-04-18,0,0.0
100038,2018-04-19,0,0.0
100038,2018-04-20,0,0.0
100038,2018-04-21,0,0
100038,2018-04-22,0,0
100038,2018-04-23,0,0.0
100038,2018-04-24,0,0.0
100038,2018-04-25,0,0.0
100038,2018-04-26,0,0.0
100038,2018-04-27,0,0.0
100038,2018-04-28,0,0
100038,2018-04-29,0,0
100038,2018-04-30,0,0
100038,2018-05-01,0,0
100038,2018-05-02,0,0.0
100038,2018-05-03,0,0.0
100038,2018-05-04,0,0.0
100038,2018-05-05,0,0
100038,2018-05-06,0,0
100038,2018-05-07,0,0.0
100038,2018-05-08,0,0.0
100038,2018-05-09,0,0.0
100038,2018-05-10,0,0.0
100038,2018-05-11,0,0.0
100038,2018-05-12,0,0
100038,2018-05-13,0,0
100038,2018-05-14,0,0.0
100038,2018-05-15,0,0.0
100038,2018-05-16,0,0.0
100038,2018-05-17,0,0.0
100038,2018-05-18,0,0.0
100038,2018-05-19,0,0
100038,2018-05-20,0,0
100038,2018-05-21,0,0.0
100038,2018-05-22,0,0.0
100038,2018-05-23,0,0.0
100038,2018-05-24,0,0.0
100038,2018-05-25,0,0.0
100038,2018-05-26,0,0
100038,2018-05-27,0,0
100038,2018-05-28,0,0.0
100038,2018-05-29,0,0.0
100038,2018-05-30,0,0.0
100038,2018-05-31,0,0.0
100038,2018-06-01,0,0.0
100038,2018-06-02,0,0
100038,2018-06-03,0,0
100038,2018-06-04,0,0.0
100038,2018-06-05,0,0.0
100038,2018-06-06,0,0.0
100038,2018-06-07,0,0.0
100038,2018-06-08,0,0.0
100038,2018-06-09,0,0
100038,2018-06-10,0,0
100038,2018-06-11,0,0.0
100038,2018-06-12,0,0.0
100038,2018-06-13,0,0.0
100038,2018-06-14,0,0.0
100038,2018-06-15,0,0.0
100038,2018-06-16,0,0
100038,2018-06-17,0,0
100038,2018-06-18,0,0
100038,2018-06-19,0,0.0
100038,2018-06-20,0,0.0
100038,2018-06-21,0,0.0
100038,2018-06-22,0,0.0
100038,2018-06-23,0,0
100038,2018-06-24,0,0
100038,2018-06-25,0,0.0
100038,2018-06-26,0,0.0
100038,2018-06-27,0,0.0
100038,2018-06-28,0,0.0
100038,2018-06-29,0,0.0
100038,2018-06-30,0,0.0
100038,2018-07-01,0,0
100038,2018-07-02,0,0.0
100038,2018-07-03,0,0.0
100038,2018-07-04,0,0.0
100038,2018-07-05,0,0.0
100038,2018-07-06,0,0.0
100038,2018-07-07,0,0
100038,2018-07-08,0,0
100038,2018-07-09,0,0.0
100038,2018-07-10,0,0.0
100038,2018-07-11,0,0.0
100038,2018-07-12,0,0.0
100038,2018-07-13,0,0.0
100038,2018-07-14,0,0
100038,2018-07-15,0,0
100038,2018-07-16,0,0.0
100038,2018-07-17,0,0.0
100038,2018-07-18,0,0.0
100038,2018-07-19,0,0.0
100038,2018-07-20,0,0.0
100038,2018-07-21,0,0
100038,2018-07-22,0,0
100038,2018-07-23,0,0.0
100038,2018-07-24,0,0.0
100038,2018-07-25,0,0.0
100038,2018-07-26,0,0.0
100038,2018-07-27,0,0.0
100038,2018-07-28,0,0
100038,2018-07-29,0,0
100038,2018-07-30,0,0.0
100038,2018-07-31,0,0.0
100038,2018-08-01,0,0.0
100038,2018-08-02,0,0.0
100038,2018-08-03,147,89.25
100038,2018-08-04,0,0
100038,2018-08-05,0,0
100038,2018-08-06,158,97.11
100038,2018-08-07,0,0.0
100038,2018-08-08,146,88.59
100038,2018-08-09,0,0.0
100038,2018-08-10,0,0.0
100038,2018-08-11,0,0
100038,2018-08-12,0,0
100038,2018-08-13,0,0.0
100038,2018-08-14,0,0.0
100038,2018-08-15,156,95.53
100038,2018-08-16,160,98.4
100038,2018-08-17,173,107.79
100038,2018-08-18,0,0
100038,2018-08-19,0,0
100038,2018-08-20,161,99.2
100038,2018-08-21,146,88.38
100038,2018-08-22,152,92.46
100038,2018-08-23,150,90.91
100038,2018-08-24,148,89.59
100038,2018-08-25,0,0
100038,2018-08-26,0,0
100038,2018-08-27,130,76.83
100038,2018-08-28,132,78.11
100038,2018-08-29,136,80.76
100038,2018-08-30,144,86.33
100038,2018-08-31,149,89.7
100038,2018-09-01,0,0
100038,2018-09-02,0,0
100038,2018-09-03,152,91.9
100038,2018-09-04,143,85.58
100038,2018-09-05,160,97.62
100038,2018-09-06,169,104.19
100038,2018-09-07,164,100.49
100038,2018-09-08,0,0
100038,2018-09-09,0,0
100038,2018-09-10,177,109.94
100038,2018-09-11,179,111.46
100038,2018-09-12,186,116.69
100038,2018-09-13,174,108.01
100038,2018-09-14,173,107.32
100038,2018-09-15,0,0
100038,2018-09-16,0,0
100038,2018-09-17,183,114.66
100038,2018-09-18,163,100.12
100038,2018-09-19,151,91.63
100038,2018-09-20,151,91.63
100038,2018-09-21,126,74.2
100038,2018-09-22,0,0
100038,2018-09-23,0,0
100038,2018-09-24,0,0
100038,2018-09-25,133,79.03
100038,2018-09-26,0,0.0
100038,2018-09-27,127,74.93
100038,2018-09-28,0,0.0
100038,2018-09-29,0,0
100038,2018-09-30,0,0
100038,2018-10-01,0,0
100038,2018-10-02,0,0
100038,2018-10-03,0,0
100038,2018-10-04,0,0
100038,2018-10-05,0,0
100038,2018-10-06,0,0
100038,2018-10-07,0,0
100038,2018-10-08,154,93.73
100038,2018-10-09,153,93.07
100038,2018-10-10,154,93.85
100038,2018-10-11,200,127.23
100038,2018-10-12,183,114.81
100038,2018-10-13,0,0
100038,2018-10-14,0,0
100038,2018-10-15,198,125.95
100038,2018-10-16,205,131.24
100038,2018-10-17,197,125.32
100038,2018-10-18,229,149.38
100038,2018-10-19,192,121.6
100038,2018-10-20,0,0
100038,2018-10-21,0,0
100038,2018-10-22,153,93.24
100038,2018-10-23,178,111.25
100038,2018-10-24,175,109.1
100038,2018-10-25,173,107.72
100038,2018-10-26,177,110.9
100038,2018-10-27,0,0
100038,2018-10-28,0,0
100038,2018-10-29,210,135.57
100038,2018-10-30,197,125.88
100038,2018-10-31,187,117.98
100038,2018-11-01,181,113.48
100038,2018-11-02,152,92.46
100038,2018-11-03,0,0
100038,2018-11-04,0,0
100038,2018-11-05,159,97.49
100038,2018-11-06,163,100.31
100038,2018-11-07,168,103.96
100038,2018-11-08,170,105.46
100038,2018-11-09,186,116.98
100038,2018-11-10,0,0
100038,2018-11-11,0,0
100038,2018-11-12,175,108.9
100038,2018-11-13,166,102.47
100038,2018-11-14,177,110.35
100038,2018-11-15,166,102.41
100038,2018-11-16,164,101.11
100038,2018-11-17,0,0
100038,2018-11-18,0,0
100038,2018-11-19,153,93.35
100038,2018-11-20,172,107.03
100038,2018-11-21,171,106.28
100038,2018-11-22,174,108.55
100038,2018-11-23,194,123.25
100038,2018-11-24,0,0
100038,2018-11-25,0,0
100038,2018-11-26,195,124.05
100038,2018-11-27,196,124.84
100038,2018-11-28,183,115.31
100038,2018-11-29,195,124.12
100038,2018-11-30,184,116.16
100038,2018-12-01,0,0
100038,2018-12-02,0,0
100038,2018-12-03,160,98.77
100038,2018-12-04,158,97.35
100038,2018-12-05,162,100.19
100038,2018-12-06,179,112.51
100038,2018-12-07,178,111.81
100038,2018-12-08,0,0
100038,2018-12-09,0,0
100038,2018-12-10,187,118.5
100038,2018-12-11,182,114.83
100038,2018-12-12,178,111.95
100038,2018-12-13,165,102.48
100038,2018-12-14,178,112.02
100038,2018-12-15,0,0
100038,2018-12-16,0,0
100038,2018-12-17,174,109.5
100038,2018-12-18,183,116.12
100038,2018-12-19,193,123.56
100038,2018-12-20,201,129.43
100038,2018-12-21,212,137.75
100038,2018-12-22,0,0
100038,2018-12-23,0,0
100038,2018-12-24,208,134.89
100038,2018-12-25,216,140.99
100038,2018-12-26,220,144.07
100038,2018-12-27,223,146.42
100038,2018-12-28,216,141.18
100038,2018-12-29,0,0
100038,2018-12-30,0,0
100038,2018-12-31,215,140.52
100038,2019-01-01,0,0
100038,2019-01-02,232,153.54
100038,2019-01-03,233,154.51
100038,2019-01-04,207,134.68
100038,2019-01-05,0,0
100038,2019-01-06,0,0
100038,2019-01-07,200,129.45
100038,2019-01-08,202,131.0
100038,2019-01-09,191,122.75
100038,2019-01-10,193,124.28
100038,2019-01-11,186,119.08
100038,2019-01-12,0,0
100038,2019-01-13,0,0
100038,2019-01-14,192,123.55
100038,2019-01-15,174,110.27
100038,2019-01-16,172,108.79
100038,2019-01-17,176,111.82
100038,2019-01-18,160,100.25
100038,2019-01-19,0,0
100038,2019-01-20,0,0
100038,2019-01-21,155,96.69
100038,2019-01-22,166,104.73
100038,2019-01-23,164,103.34
100038,2019-01-24,159,99.69
100038,2019-01-25,150,93.28
100038,2019-01-26,0,0
100038,2019-01-27,0,0
100038,2019-01-28,148,91.87
100038,2019-01-29,144,89.11
100038,2019-01-30,149,92.78
100038,2019-01-31,140,86.42
100038,2019-02-01,131,80.07
100038,2019-02-02,0,0
100038,2019-02-03,0,0
100038,2019-02-04,0,0
100038,2019-02-05,0,0
100038,2019-02-06,0,0
100038,2019-02-07,0,0
100038,2019-02-08,0,0
100038,2019-02-09,0,0
100038,2019-02-10,0,0
100038,2019-02-11,120,72.33
100038,2019-02-12,116,69.59
100038,2019-02-13,105,62.09
100038,2019-02-14,106,62.72
100038,2019-02-15,117,70.35
100038,2019-02-16,0,0
100038,2019-02-17,0,0
100038,2019-02-18,0,0.0
100038,2019-02-19,0,0.0
100038,2019-02-20,0,0.0
100038,2019-02-21,0,0.0
100038,2019-02-22,0,0.0
100038,2019-02-23,0,0
100038,2019-02-24,0,0
100038,2019-02-25,0,0.0
100038,2019-02-26,0,0.0
100038,2019-02-27,0,0.0
100038,2019-02-28,0,0.0
100038,2019-03-01,0,0.0
100038,2019-03-02,0,0
100038,2019-03-03,0,0
100038,2019-03-04,0,0.0
100038,2019-03-05,0,0.0
100038,2019-03-06,0,0.0
100038,2019-03-07,0,0.0
100038,2019-03-08,0,0.0
100038,2019-03-09,0,0
100038,2019-03-10,0,0
100038,2019-03-11,0,0.0
100038,2019-03-12,0,0.0
100038,2019-03-13,0,0.0
100038,2019-03-14,0,0.0
100038,2019-03-15,0,0.0
100038,2019-03-16,0,0
100038,2019-03-17,0,0
100038,2019-03-18,0,0.0
100038,2019-03-19,0,0.0
100038,2019-03-20,0,0.0
100038,2019-03-21,0,0.0
100038,2019-03-22,0,0.0
100038,2019-03-23,0,0
100038,2019-03-24,0,0
100038,2019-03-25,0,0.0
100038,2019-03-26,0,0.0
100038,2019-03-27,0,0.0
100038,2019-03-28,0,0.0
100038,2019-03-29,0,0.0
100038,2019-03-30,0,0
100038,2019-03-31,0,0
100038,2019-04-01,0,0.0
100038,2019-04-02,0,0.0
100038,2019-04-03,0,0.0
100038,2019-04-04,0,0.0
100038,2019-04-05,0,0
100038,2019-04-06,0,0
100038,2019-04-07,0,0
100038,2019-04-08,0,0.0
100038,2019-04-09,0,0.0
100038,2019-04-10,0,0.0
100038,2019-04-11,0,0.0
100038,2019-04-12,0,0.0
100038,2019-04-13,0,0
100038,2019-04-14,0,0
100038,2019-04-15,0,0.0
100038,2019-04-16,0,0.0
100038,2019-04-17,0,0.0
100038,2019-04-18,0,0.0
100038,2019-04-19,0,0.0
100038,2019-04-20,0,0
100038,2019-04-21,0,0
100038,2019-04-22,0,0.0
100038,2019-04-23,0,0.0
100038,2019-04-24,0,0.0
100038,2019-04-25,0,0.0
100038,2019-04-26,0,0.0
100038,2019-04-27,0,0
100038,2019-04-28,0,0
100038,2019-04-29,0,0.0
100038,2019-04-30,0,0.0
100038,2019-05-01,0,0
100038,2019-05-02,0,0
100038,2019-05-03,0,0
100038,2019-05-04,0,0
100038,2019-05-05,0,0
100038,2019-05-06,0,0.0
100038,2019-05-07,0,0.0
100038,2019-05-08,0,0.0
100038,2019-05-09,0,0.0
100038,2019-05-10,0,0.0
100038,2019-05-11,0,0
100038,2019-05-12,0,0
100038,2019-05-13,0,0.0
100038,2019-05-14,0,0.0
100038,2019-05-15,0,0.0
100038,2019-05-16,0,0.0
100038,2019-05-17,0,0.0
100038,2019-05-18,0,0
100038,2019-05-19,0,0
100038,2019-05-20,0,0.0
100038,2019-05-21,0,0.0
100038,2019-05-22,0,0.0
100038,2019-05-23,0,0.0
100038,2019-05-24,0,0.0
100038,2019-05-25,0,0
100038,2019-05-26,0,0
100038,2019-05-27,0,0.0
100038,2019-05-28,0,0.0
100038,2019-05-29,0,0.0
100038,2019-05-30,0,0.0
100038,2019-05-31,0,0.0
100038,2019-06-01,0,0
100038,2019-06-02,0,0
100038,2019-06-03,0,0.0
100038,2019-06-04,0,0.0
100038,2019-06-05,0,0.0
100038,2019-06-06,0,0.0
100038,2019-06-07,0,0
100038,2019-06-08,0,0
100038,2019-06-09,0,0
100038,2019-06-10,0,0.0
100038,2019-06-11,0,0.0
100038,2019-06-12,0,0.0
100038,2019-06-13,0,0.0
100038,2019-06-14,0,0.0
100038,2019-06-15,0,0
100038,2019-06-16,0,0
100038,2019-06-17,0,0.0
100038,2019-06-18,0,0.0
100038,2019-06-19,0,0.0
100038,2019-06-20,0,0.0
100038,2019-06-21,0,0.0
100038,2019-06-22,0,0
100038,2019-06-23,0,0
100038,2019-06-24,0,0.0
100038,2019-06-25,0,0.0
100038,2019-06-26,0,0.0
100038,2019-06-27,0,0.0
100038,2019-06-28,0,0.0
100038,2019-06-29,0,0
100038,2019-06-30,0,0.0
100038,2019-07-01,0,0.0
100038,2019-07-02,0,0.0
100038,2019-07-03,0,0.0
100038,2019-07-04,0,0.0
100038,2019-07-05,0,0.0
100038,2019-07-06,0,0
100038,2019-07-07,0,0
100038,2019-07-08,0,0.0
100038,2019-07-09,0,0.0
100038,2019-07-10,0,0.0
100038,2019-07-11,0,0.0
100038,2019-07-12,0,0.0
100038,2019-07-13,0,0
100038,2019-07-14,0,0
100038,2019-07-15,0,0.0
100038,2019-07-16,0,0.0
100038,2019-07-17,0,0.0
100038,2019-07-18,0,0.0
100038,2019-07-19,0,0.0
100038,2019-07-20,0,0
100038,2019-07-21,0,0
100038,2019-07-22,0,0.0
100038,2019-07-23,0,0.0
100038,2019-07-24,0,0.0
100038,2019-07-25,0,0.0
100038,2019-07-26,0,0.0
100038,2019-07-27,0,0
100038,2019-07-28,0,0
100038,2019-07-29,0,0.0
100038,2019-07-30,0,0.0
100038,2019-07-31,0,0.0
100038,2019-08-01,0,0.0
100038,2019-08-02,0,0.0
100038,2019-08-03,0,0
100038,2019-08-04,0,0
100038,2019-08-05,0,0.0
100038,2019-08-06,0,0.0
100038,2019-08-07,0,0.0
100038,2019-08-08,0,0.0
100038,2019-08-09,0,0.0
100038,2019-08-10,0,0
100038,2019-08-11,0,0
100038,2019-08-12,0,0.0
100038,2019-08-13,0,0.0
100038,2019-08-14,0,0.0
100038,2019-08-15,0,0.0
100038,2019-08-16,0,0.0
100038,2019-08-17,0,0
100038,2019-08-18,0,0
100038,2019-08-19,0,0.0
100038,2019-08-20,0,0.0
100038,2019-08-21,0,0.0
100038,2019-08-22,0,0.0
100038,2019-08-23,0,0.0
100038,2019-08-24,0,0
100038,2019-08-25,0,0
100038,2019-08-26,0,0.0
100038,2019-08-27,0,0.0
100038,2019-08-28,0,0.0
100038,2019-08-29,0,0.0
100038,2019-08-30,0,0.0
100038,2019-08-31,0,0
100038,2019-09-01,0,0
100038,2019-09-02,0,0.0
100038,2019-09-03,0,0.0
100038,2019-09-04,0,0.0
100038,2019-09-05,0,0.0
100038,2019-09-06,0,0.0
100038,2019-09-07,0,0
100038,2019-09-08,0,0
100038,2019-09-09,0,0.0
100038,2019-09-10,0,0.0
100038,2019-09-11,0,0.0
100038,2019-09-12,0,0.0
100038,2019-09-13,0,0
100038,2019-09-14,0,0
100038,2019-09-15,0,0
100038,2019-09-16,0,0.0
100038,2019-09-17,0,0.0
100038,2019-09-18,0,0.0
100038,2019-09-19,0,0.0
100038,2019-09-20,0,0.0
100038,2019-09-21,0,0
100038,2019-09-22,0,0
100038,2019-09-23,0,0.0
100038,2019-09-24,0,0.0
100038,2019-09-25,0,0.0
100038,2019-09-26,0,0.0
100038,2019-09-27,0,0.0
100038,2019-09-28,0,0
100038,2019-09-29,0,0
100038,2019-09-30,0,0.0
100038,2019-10-01,0,0
100038,2019-10-02,0,0
100038,2019-10-03,0,0
100038,2019-10-04,0,0
100038,2019-10-05,0,0
100038,2019-10-06,0,0
100038,2019-10-07,0,0
100038,2019-10-08,0,0.0
100038,2019-10-09,0,0.0
100038,2019-10-10,0,0.0
100038,2019-10-11,0,0.0
100038,2019-10-12,0,0
100038,2019-10-13,0,0
100038,2019-10-14,0,0.0
100038,2019-10-15,0,0.0
100038,2019-10-16,0,0.0
100038,2019-10-17,0,0.0
100038,2019-10-18,0,0.0
100038,2019-10-19,0,0
100038,2019-10-20,0,0
100038,2019-10-21,0,0.0
100038,2019-10-22,0,0.0
100038,2019-10-23,0,0.0
100038,2019-10-24,0,0.0
100038,2019-10-25,0,0.0
100038,2019-10-26,0,0
100038,2019-10-27,0,0
100038,2019-10-28,0,0.0
100038,2019-10-29,0,0.0
100038,2019-10-30,0,0.0
100038,2019-10-31,0,0.0
100038,2019-11-01,0,0.0
100038,2019-11-02,0,0
100038,2019-11-03,0,0
100038,2019-11-04,0,0.0
100038,2019-11-05,0,0.0
100038,2019-11-06,0,0.0
100038,2019-11-07,0,0.0
100038,2019-11-08,0,0.0
100038,2019-11-09,0,0
100038,2019-11-10,0,0
100038,2019-11-11,0,0.0
100038,2019-11-12,0,0.0
100038,2019-11-13,0,0.0
100038,2019-11-14,0,0.0
100038,2019-11-15,0,0.0
100038,2019-11-16,0,0
100038,2019-11-17,0,0
100038,2019-11-18,0,0.0
100038,2019-11-19,0,0.0
100038,2019-11-20,0,0.0
100038,2019-11-21,0,0.0
100038,2019-11-22,0,0.0
100038,2019-11-23,0,0
100038,2019-11-24,0,0
100038,2019-11-25,0,0.0
100038,2019-11-26,0,0.0
100038,2019-11-27,0,0.0
100038,2019-11-28,0,0.0
100038,2019-11-29,0,0.0
100038,2019-11-30,0,0
100038,2019-12-01,0,0
100038,2019-12-02,0,0.0
100038,2019-12-03,0,0.0
100038,2019-12-04,0,0.0
100038,2019-12-05,0,0.0
100038,2019-12-06,0,0.0
100038,2019-12-07,0,0
100038,2019-12-08,0,0
100038,2019-12-09,0,0.0
100038,2019-12-10,0,0.0
100038,2019-12-11,0,0.0
100038,2019-12-12,0,0.0
100038,2019-12-13,0,0.0
100038,2019-12-14,0,0
100038,2019-12-15,0,0
100038,2019-12-16,0,0.0
100038,2019-12-17,0,0.0
100038,2019-12-18,0,0.0
100038,2019-12-19,0,0.0
100038,2019-12-20,0,0.0
100038,2019-12-21,0,0
100038,2019-12-22,0,0
100038,2019-12-23,0,0.0
100038,2019-12-24,0,0.0
100038,2019-12-25,0,0.0
100038,2019-12-26,0,0.0
100038,2019-12-27,0,0.0
100038,2019-12-28,0,0
100038,2019-12-29,0,0
100038,2019-12-30,0,0.0
100038,2019-12-31,0,0.0
100038,2020-01-01,0,0
100038,2020-01-02,0,0.0
100038,2020-01-03,0,0.0
100038,2020-01-04,0,0
100038,2020-01-05,0,0
100038,2020-01-06,0,0.0
100038,2020-01-07,0,0.0
100038,2020-01-08,0,0.0
100038,2020-01-09,0,0.0
100038,2020-01-10,0,0.0
100038,2020-01-11,0,0
100038,2020-01-12,0,0
100038,2020-01-13,0,0.0
100038,2020-01-14,0,0.0
100038,2020-01-15,0,0.0
100038,2020-01-16,0,0.0
100038,2020-01-17,0,0.0
100038,2020-01-18,0,0
100038,2020-01-19,0,0
100038,2020-01-20,0,0.0
100038,2020-01-21,0,0.0
100038,2020-01-22,0,0.0
100038,2020-01-23,0,0.0
100038,2020-01-24,0,0
100038,2020-01-25,0,0
100038,2020-01-26,0,0
100038,2020-01-27,0,0
100038,2020-01-28,0,0
100038,2020-01-29,0,0
100038,2020-01-30,0,0
100038,2020-01-31,0,0
100038,2020-02-01,0,0
100038,2020-02-02,0,0
100038,2020-02-03,121,63.55
100038,2020-02-04,0,0.0
100038,2020-02-05,0,0.0
100038,2020-02-06,0,0.0
100038,2020-02-07,0,0.0
100038,2020-02-08,0,0
100038,2020-02-09,0,0
100038,2020-02-10,0,0.0
100038,2020-02-11,0,0.0
100038,2020-02-12,0,0.0
100038,2020-02-13,0,0.0
100038,2020-02-14,0,0.0
100038,2020-02-15,0,0
100038,2020-02-16,0,0
100038,2020-02-17,0,0.0
100038,2020-02-18,0,0.0
100038,2020-02-19,0,0.0
100038,2020-02-20,0,0.0
100038,2020-02-21,0,0.0
100038,2020-02-22,0,0
100038,2020-02-23,0,0
100038,2020-02-24,0,0.0
100038,2020-02-25,0,0.0
100038,2020-02-26,0,0.0
100038,2020-02-27,0,0.0
100038,2020-02-28,0,0.0
100038,2020-02-29,0,0
100038,2020-03-01,0,0
100038,2020-03-02,0,0.0
100038,2020-03-03,0,0.0
100038,2020-03-04,0,0.0
100038,2020-03-05,0,0.0
100038,2020-03-06,0,0.0
100038,2020-03-07,0,0
100038,2020-03-08,0,0
100038,2020-03-09,0,0.0
100038,2020-03-10,0,0.0
100038,2020-03-11,0,0.0
100038,2020-03-12,0,0.0
100038,2020-03-13,0,0.0
100038,2020-03-14,0,0
100038,2020-03-15,0,0
100038,2020-03-16,128,67.51
100038,2020-03-17,131,69.35
100038,2020-03-18,143,76.68
100038,2020-03-19,153,82.79
100038,2020-03-20,139,74.17
100038,2020-03-21,0,0
100038,2020-03-22,0,0
100038,2020-03-23,163,89.07
100038,2020-03-24,144,77.17
100038,2020-03-25,127,66.7
100038,2020-03-26,131,69.06
100038,2020-03-27,129,67.82
100038,2020-03-28,0,0
100038,2020-03-29,0,0
100038,2020-03-30,136,72.0
100038,2020-03-31,135,71.24
100038,2020-04-01,137,72.49
100038,2020-04-02,127,66.42
100038,2020-04-03,130,68.21
100038,2020-04-04,0,0
100038,2020-04-05,0,0
100038,2020-04-06,0,0
100038,2020-04-07,116,59.76
100038,2020-04-08,119,61.5
100038,2020-04-09,117,60.34
100038,2020-04-10,120,62.14
100038,2020-04-11,0,0
100038,2020-04-12,0,0
100038,2020-04-13,123,63.93
100038,2020-04-14,112,57.41
100038,2020-04-15,116,59.76
100038,2020-04-16,115,59.16
100038,2020-04-17,0,0.0
100038,2020-04-18,0,0
100038,2020-04-19,0,0
100038,2020-04-20,0,0.0
100038,2020-04-21,113,57.98
100038,2020-04-22,0,0.0
100038,2020-04-23,0,0.0
100038,2020-04-24,114,58.67
100038,2020-04-25,0,0
100038,2020-04-26,0,0
100038,2020-04-27,0,0.0
100038,2020-04-28,0,0.0
100038,2020-04-29,0,0.0
100038,2020-04-30,0,0.0
100038,2020-05-01,0,0
100038,2020-05-02,0,0
100038,2020-05-03,0,0
100038,2020-05-04,0,0
100038,2020-05-05,0,0
100038,2020-05-06,0,0.0
100038,2020-05-07,0,0.0
100038,2020-05-08,0,0.0
100038,2020-05-09,0,0
100038,2020-05-10,0,0
100038,2020-05-11,0,0.0
100038,2020-05-12,0,0.0
100038,2020-05-13,0,0.0
100038,2020-05-14,0,0.0
100038,2020-05-15,0,0.0
100038,2020-05-16,0,0
100038,2020-05-17,0,0
100038,2020-05-18,0,0.0
100038,2020-05-19,0,0.0
100038,2020-05-20,0,0.0
100038,2020-05-21,0,0.0
100038,2020-05-22,104,53.33
100038,2020-05-23,0,0
100038,2020-05-24,0,0
100038,2020-05-25,103,52.69
100038,2020-05-26,0,0.0
100038,2020-05-27,101,51.45
100038,2020-05-28,0,0.0
100038,2020-05-29,0,0.0
100038,2020-05-30,0,0
100038,2020-05-31,0,0
100038,2020-06-01,0,0.0
100038,2020-06-02,0,0.0
100038,2020-06-03,0,0.0
100038,2020-06-04,0,0.0
100038,2020-06-05,0,0.0
100038,2020-06-06,0,0
100038,2020-06-07,0,0
100038,2020-06-08,0,0.0
100038,2020-06-09,0,0.0
100038,2020-06-10,0,0.0
100038,2020-06-11,0,0.0
100038,2020-06-12,0,0.0
100038,2020-06-13,0,0
100038,2020-06-14,0,0
100038,2020-06-15,0,0.0
100038,2020-06-16,0,0.0
100038,2020-06-17,0,0.0
100038,2020-06-18,0,0.0
100038,2020-06-19,0,0.0
100038,2020-06-20,0,0
100038,2020-06-21,0,0
100038,2020-06-22,0,0.0
100038,2020-06-23,0,0.0
100038,2020-06-24,0,0.0
100038,2020-06-25,0,0
100038,2020-06-26,0,0
100038,2020-06-27,0,0
100038,2020-06-28,0,0
100038,2020-06-29,0,0.0
100038,2020-06-30,0,0.0
100038,2020-07-01,0,0.0
100038,2020-07-02,0,0.0
100038,2020-07-03,0,0.0
100038,2020-07-04,0,0
100038,2020-07-05,0,0
100038,2020-07-06,0,0.0
100038,2020-07-07,0,0.0
100038,2020-07-08,0,0.0
100038,2020-07-09,0,0.0
100038,2020-07-10,0,0.0
100038,2020-07-11,0,0
100038,2020-07-12,0,0
100038,2020-07-13,0,0.0
100038,2020-07-14,0,0.0
100038,2020-07-15,0,0.0
100038,2020-07-16,0,0.0
100038,2020-07-17,0,0.0
100038,2020-07-18,0,0
100038,2020-07-19,0,0
100038,2020-07-20,0,0.0
100038,2020-07-21,0,0.0
100038,2020-07-22,0,0.0
100038,2020-07-23,0,0.0
100038,2020-07-24,0,0.0
100038,2020-07-25,0,0
100038,2020-07-26,0,0
100038,2020-07-27,0,0.0
100038,2020-07-28,0,0.0
100038,2020-07-29,0,0.0
100038,2020-07-30,0,0.0
100038,2020-07-31,0,0.0
100038,2020-08-01,0,0
100038,2020-08-02,0,0
100038,2020-08-03,0,0.0
100038,2020-08-04,0,0.0
100038,2020-08-05,0,0.0
100038,2020-08-06,0,0.0
100038,2020-08-07,0,0.0
100038,2020-08-08,0,0
100038,2020-08-09,0,0
100038,2020-08-10,0,0.0
100038,2020-08-11,0,0.0
100038,2020-08-12,0,0.0
100038,2020-08-13,0,0.0
100038,2020-08-14,0,0.0
100038,2020-08-15,0,0
100038,2020-08-16,0,0
100038,2020-08-17,0,0.0
100038,2020-08-18,0,0.0
100038,2020-08-19,0,0.0
100038,2020-08-20,0,0.0
100038,2020-08-21,0,0.0
100038,2020-08-22,0,0
100038,2020-08-23,0,0
100038,2020-08-24,0,0.0
100038,2020-08-25,0,0.0
100038,2020-08-26,0,0.0
100038,2020-08-27,0,0.0
100038,2020-08-28,0,0.0
100038,2020-08-29,0,0
100038,2020-08-30,0,0
100038,2020-08-31,0,0.0
100038,2020-09-01,0,0.0
100038,2020-09-02,0,0.0
100038,2020-09-03,0,0.0
100038,2020-09-04,0,0.0
100038,2020-09-05,0,0
100038,2020-09-06,0,0
100038,2020-09-07,0,0.0
100038,2020-09-08,0,0.0
100038,2020-09-09,0,0.0
100038,2020-09-10,0,0.0
100038,2020-09-11,0,0.0
100038,2020-09-12,0,0
100038,2020-09-13,0,0
100038,2020-09-14,0,0.0
100038,2020-09-15,0,0.0
100038,2020-09-16,0,0.0
100038,2020-09-17,0,0.0
100038,2020-09-18,0,0.0
100038,2020-09-19,0,0
100038,2020-09-20,0,0
100038,2020-09-21,0,0.0
100038,2020-09-22,0,0.0
100038,2020-09-23,0,0.0
100038,2020-09-24,0,0.0
100038,2020-09-25,0,0.0
100038,2020-09-26,0,0
100038,2020-09-27,0,0
100038,2020-09-28,0,0.0
100038,2020-09-29,0,0.0
100038,2020-09-30,0,0.0
100038,2020-10-01,0,0
100038,2020-10-02,0,0
100038,2020-10-03,0,0
100038,2020-10-04,0,0
100038,2020-10-05,0,0
100038,2020-10-06,0,0
100038,2020-10-07,0,0
100038,2020-10-08,0,0
100038,2020-10-09,0,0.0
100038,2020-10-10,0,0
100038,2020-10-11,0,0
100038,2020-10-12,0,0.0
100038,2020-10-13,0,0.0
100038,2020-10-14,0,0.0
100038,2020-10-15,0,0.0
100038,2020-10-16,0,0.0
100038,2020-10-17,0,0
100038,2020-10-18,0,0
100038,2020-10-19,0,0.0
100038,2020-10-20,0,0.0
100038,2020-10-21,0,0.0
100038,2020-10-22,0,0.0
100038,2020-10-23,0,0.0
100038,2020-10-24,0,0
100038,2020-10-25,0,0
100038,2020-10-26,0,0.0
100038,2020-10-27,0,0.0
100038,2020-10-28,0,0.0
100038,2020-10-29,0,0.0
100038,2020-10-30,0,0.0
100038,2020-10-31,0,0
100038,2020-11-01,0,0
100038,2020-11-02,0,0.0
100038,2020-11-03,0,0.0
100038,2020-11-04,0,0.0
100038,2020-11-05,0,0.0
100038,2020-11-06,0,0.0
100038,2020-11-07,0,0
100038,2020-11-08,0,0
100038,2020-11-09,0,0.0
100038,2020-11-10,0,0.0
100038,2020-11-11,0,0.0
100038,2020-11-12,0,0.0
100038,2020-11-13,0,0.0
100038,2020-11-14,0,0
100038,2020-11-15,0,0
100038,2020-11-16,0,0.0
100038,2020-11-17,0,0.0
100038,2020-11-18,0,0.0
100038,2020-11-19,0,0.0
100038,2020-11-20,0,0.0
100038,2020-11-21,0,0
100038,2020-11-22,0,0
100038,2020-11-23,0,0.0
100038,2020-11-24,0,0.0
100038,2020-11-25,0,0.0
100038,2020-11-26,0,0.0
100038,2020-11-27,0,0.0
100038,2020-11-28,0,0
100038,2020-11-29,0,0
100038,2020-11-30,0,0.0
100038,2020-12-01,0,0.0
100038,2020-12-02,0,0.0
100038,2020-12-03,0,0.0
100038,2020-12-04,0,0.0
100038,2020-12-05,0,0
100038,2020-12-06,0,0
100038,2020-12-07,0,0.0
100038,2020-12-08,0,0.0
100038,2020-12-09,0,0.0
100038,2020-12-10,0,0.0
100038,2020-12-11,0,0.0
100038,2020-12-12,0,0
100038,2020-12-13,0,0
100038,2020-12-14,0,0.0
100038,2020-12-15,0,0.0
100038,2020-12-16,0,0.0
100038,2020-12-17,0,0.0
100038,2020-12-18,0,0.0
100038,2020-12-19,0,0
100038,2020-12-20,0,0
100038,2020-12-21,0,0.0
